,quant,logical,english,12percentage,collegetier_pos,collegegpa,domain,agreeableness
0,-0.03359785007762698,-0.6370398593094518,-1.4345625647646933,-1.25195738070649,-0.28467871041242954,0.040518922388538804,0.10668728368716573,-1.8272082177369111
1,0.2533254849802034,-1.2112266359835115,-0.5799306293356936,1.8665712580735947,-0.28467871041242954,2.3552609645719556,-0.030867974626847223,0.6128741206792542
2,0.8681612029612685,1.3726138590497572,-0.912287493113638,0.114871780465865,-0.28467871041242954,-1.3347101732616091,-0.2843091826156739,0.9614573118815635
3,-0.8123897595203095,-1.4409013466531355,-0.24757376555774924,-0.7897533090995218,-0.28467871041242954,-1.9120340708414734,-0.35707187585951616,1.0450963418427182
4,-0.15656499367384,0.3964963387038557,1.2717718974271393,0.3486715054032424,-0.28467871041242954,0.5484005587029008,0.7693005727441258,0.3918954069771296
5,-0.5664554723278834,0.5113336940386676,0.03730354625191735,0.1508409689177696,-0.28467871041242954,-0.23180367080951023,0.8112122261699296,0.3918954069771296
6,-1.5501926210975876,0.22424030570163775,0.9868945856174727,-0.5235813145554321,-0.28467871041242954,-1.3891746919012187,-0.36468039210161035,1.1357489074827183
7,-2.7388750091943135,-0.9815519253138878,-1.2446443568915824,-0.6359850284676324,-0.28467871041242954,1.1379789729766767,-0.042184970618187656,0.6128741206792542
8,-0.8123897595203095,0.9706831153779154,-1.2921239088598602,0.00696421511015376,-0.28467871041242954,0.31284151558658785,0.19869036240979518,0.881796108126321
9,0.4172816764418208,0.05198427269941982,0.7020172738078061,-1.4318033229660105,-0.28467871041242954,-0.79006498686551,0.6716885868485246,0.14694505640253377
10,-0.11557594580843567,-1.8428320903249773,-0.8173283891770824,1.0500706802153719,-0.28467871041242954,-0.8064043424573936,0.6830087316794873,0.4385825250780995
11,-0.15656499367384,-1.9002507679923835,-1.3870830127964155,-1.278934272045418,-0.28467871041242954,-1.1713166173427791,0.2761470150252598,-1.0779113761074426
12,-0.32052118513545735,-0.8667145699790758,-1.6719603246060823,-0.27629314394859145,-0.28467871041242954,-0.6402875606065838,0.5938191828711853,-0.08429226172536451
13,-0.07458689794303132,-0.6370398593094518,1.0818536895540283,-0.3886968578607918,-0.28467871041242954,0.040518922388538804,0.19869036240979518,0.024469881115235903
14,1.1550845380190988,-0.9815519253138878,0.7969763777443616,-0.5145890174424566,-0.28467871041242954,0.11676924848399285,0.40229010692609724,0.6368457575517253
15,2.01585454319259,1.4874512143845693,-1.4345625647646933,0.4565790707589549,3.5127319445533716,0.9037815428263547,-0.7829893500002993,-0.4328754529276738
16,-1.3042583339051617,0.22424030570163775,1.2242923454588615,0.27673312849943443,-0.28467871041242954,0.040518922388538804,0.7209201213125657,-1.3043334309334471
17,-1.1812911903089485,-1.0389706029812937,-1.6719603246060823,-1.7375414248071952,-0.28467871041242954,-0.7764488572056083,-0.3863292863604594,-0.2585838573265192
18,-1.3862364296359702,0.7984270823756975,-0.5799306293356936,-0.7483887423798327,-0.28467871041242954,-0.23180367080951023,-0.7829893500002993,-0.08429226172536451
19,-1.1403021424435442,0.2816589833690437,-0.5324510773674158,1.3468164849435804,-0.28467871041242954,2.1510190196734187,0.06571249892926224,0.14694505640253377
20,0.17134738924939474,-0.8667145699790758,0.13226265018847289,0.9061939264077561,-0.28467871041242954,2.300796445932345,0.9719827329628096,0.22859517326073236
21,-0.2385430894046487,0.9132644377105095,1.2242923454588615,0.6454173101314509,-0.28467871041242954,-1.7922121298343314,-0.152985670596572,-1.478625026534602
22,0.6222269157688425,0.6261710493734796,0.41713996199813946,1.499685535864173,3.5127319445533716,-8.594830507921596,0.6936137023750842,1.1357489074827183
23,-1.3042583339051617,-0.8667145699790758,-1.3870830127964155,-2.1871562804559965,-0.28467871041242954,0.5633783013287934,0.40229010692609724,0.22859517326073236
24,1.5649750166731424,0.6261710493734796,-1.6719603246060823,0.5465020418887151,3.5127319445533716,0.31284151558658785,0.2761470150252598,0.4385825250780995
25,-0.6074445201932878,0.6261710493734796,-0.8173283891770824,1.0770475715542998,-0.28467871041242954,-0.09564237421048571,-0.7829893500002993,1.4843320986850275
26,-0.6894226159240965,0.22424030570163775,-1.5770012206695267,-0.2987738867310315,-0.28467871041242954,0.24476086728707558,0.06026991218530856,0.08999933387579016
27,0.08936929351858605,-1.5557387019879476,-1.8618785324791933,-0.2987738867310315,-0.28467871041242954,0.4490028121856124,0.6830087316794873,-1.404511843540237
28,1.3190407294807163,1.0855204707127273,0.512099065934695,0.9808299924454569,-0.28467871041242954,0.8302544426628806,0.9767719633319382,-0.9146111423910455
29,0.08936929351858605,-0.06285308263539213,0.6545377218395283,0.6004558245665708,-0.28467871041242954,0.040518922388538804,-0.9805675755328989,-0.2585838573265192
30,0.7451940593650556,0.7410084047082915,0.8919354816809172,1.019496870031253,-0.28467871041242954,1.129809295180735,1.0058665841794212,-0.2613055278884591
31,-2.4519516741364833,-0.06285308263539213,0.13226265018847289,1.5266624272031009,-0.28467871041242954,1.129809295180735,-3.2514667194758315,1.3716968092755126
32,0.17134738924939474,-2.015088123327195,-1.3870830127964155,-1.1980035980286339,-0.28467871041242954,-1.0487714504036574,-0.2810923867014058,-0.9146111423910455
33,-0.8123897595203095,-0.0054344049679861586,-0.8173283891770824,0.1508409689177696,-0.28467871041242954,-0.5041262640075593,0.24739132715327916,-0.08429226172536451
34,0.6632159636342468,-0.1776904379702041,0.3221808580615839,-0.22683550982722359,-0.28467871041242954,1.9876254637545892,-0.030867974626847223,1.1357489074827183
35,0.08936929351858605,0.05198427269941982,-1.0072465970501936,-0.5685428001203122,-0.28467871041242954,-0.19231689479579228,0.5938191828711853,-0.6071670485288285
36,-0.5664554723278834,-0.6370398593094518,0.03730354625191735,-0.3886968578607918,-0.28467871041242954,-0.32167012656486593,0.40229010692609724,-1.0779113761074426
37,0.3271057711379312,-0.4188488841733092,-0.05765555768463818,-0.8383117135095929,-0.28467871041242954,-0.6130553012867785,0.6830087316794873,-0.34295564474665774
38,-1.222280238174353,-1.3260639913183236,-0.15261466162119372,-0.5685428001203122,-0.28467871041242954,-0.5041262640075593,0.2761470150252598,1.0450963418427182
39,-1.1403021424435442,0.16682162803423176,-1.2921239088598602,1.1310013542321566,-0.28467871041242954,-0.09291914827850577,0.8112122261699296,0.5143705822644274
40,-0.8123897595203095,-0.46478382630723397,0.17974220215675066,0.9421631148596593,-0.28467871041242954,0.5715479791247352,-0.2810923867014058,0.2642909294769449
41,-1.6321707168283963,-1.5557387019879476,-2.336674052161971,0.01595651222312927,-0.28467871041242954,0.35368990456629484,-1.0041510882899694,-1.404511843540237
42,1.3190407294807163,-0.29252779330501605,-0.5324510773674158,-0.011020379115798541,-0.28467871041242954,0.6123963681044422,0.94277138188167,0.22859517326073236
43,0.37629262857641643,-0.0054344049679861586,1.1768127934905837,-0.4966044232165043,-0.28467871041242954,0.47078861964145585,0.540077028475001,-0.4328754529276738
44,-0.8943678552511182,-1.1538079583161056,2.078924280887861,-0.7483887423798327,-0.28467871041242954,-1.3210940436017065,0.19995561293829,0.6128741206792542
45,0.7451940593650556,1.3151951813823513,0.03730354625191735,-0.1728817271493667,-0.28467871041242954,0.7798747629212429,0.7693005727441258,-1.7311123109730313
46,-0.2385430894046487,-1.3260639913183236,0.41713996199813946,0.6454173101314509,-0.28467871041242954,-1.9147572967734532,0.19869036240979518,0.2642909294769449
47,0.8681612029612685,0.7984270823756975,0.17974220215675066,1.3198395936046525,-0.28467871041242954,0.2992253859266862,0.9616709237895092,-0.08429226172536451
48,-1.3042583339051617,-0.46478382630723397,-1.339603460828138,-1.1980035980286339,-0.28467871041242954,0.040518922388538804,-0.12298345140778191,-0.7814586441299831
49,-2.287995482674866,-0.1776904379702041,1.1768127934905837,-0.5685428001203122,-0.28467871041242954,-1.1168520987031696,0.7209201213125657,0.08999933387579016
50,0.5812378679034381,0.05198427269941982,-0.010176005716360419,1.0500706802153719,-0.28467871041242954,0.5306995901450263,0.24739132715327916,-0.08429226172536451
51,-2.083050243347844,-0.23510911563761006,-1.339603460828138,-0.9282346846393531,-0.28467871041242954,-0.23180367080951023,-0.8533925749205359,-0.6071670485288285
52,-0.8943678552511182,-2.015088123327195,-0.6274101813039714,0.807278658165019,-0.28467871041242954,0.6668608867440509,0.40229010692609724,-0.09800529417206197
53,-0.6074445201932878,-1.8428320903249773,-1.4345625647646933,-0.5055967203294798,-0.28467871041242954,0.816638313002979,-3.2514667194758315,0.2642909294769449
54,0.9911283465574816,0.7984270823756975,0.9868945856174727,1.3737933762825083,-0.28467871041242954,0.22161344686524118,0.7109417685616937,-1.6529166221357563
55,0.49925977217262946,-1.1538079583161056,-1.339603460828138,-0.11892794447151107,-0.28467871041242954,-0.7764488572056083,-0.4999629424467948,-0.7814586441299831
56,0.37629262857641643,-0.29252779330501605,0.2747013060933062,-1.7555260190331474,-0.28467871041242954,-0.36251851554457293,0.0388360700610988,-0.2585838573265192
57,-0.11557594580843567,0.10940295036682579,3.550790391904472,1.5896085069939332,-0.28467871041242954,0.17668021898756334,0.510705318942076,0.2642909294769449
58,-1.5092035732321833,-1.0389706029812937,-0.3425328694943048,-1.000173061543161,-0.28467871041242954,-1.4327463068129065,-0.3264062768739846,0.08999933387579016
59,1.5649750166731424,0.2816589833690437,0.8444559297126394,0.7263479841482355,-0.28467871041242954,-0.07385656675464225,0.3318989558447083,-0.08429226172536451
60,1.6879421602693554,1.946800635723817,2.5062402486023614,0.46557136787193043,-0.28467871041242954,2.49142226117098,0.7209201213125657,1.1357489074827183
61,1.1550845380190988,-0.52220250397464,0.03730354625191735,-0.478619828990552,-0.28467871041242954,-0.5313585233273646,1.029726331658705,-1.404511843540237
62,-0.15656499367384,0.16682162803423176,-0.05765555768463818,-1.287926569158394,-0.28467871041242954,-0.9126101538046328,-0.12298345140778191,0.0652949395443352
63,0.17134738924939474,-0.6370398593094518,0.41713996199813946,0.33068691117729004,-0.28467871041242954,-1.0147311262539012,-3.2514667194758315,-1.5678120772566342
64,-0.6074445201932878,0.6261710493734796,-0.8173283891770824,0.24076394004752985,-0.28467871041242954,0.5851641087846369,-0.43020033804458135,-1.3043334309334471
65,2.5487121654428466,1.7745446027215992,0.17974220215675066,0.4565790707589549,-0.28467871041242954,1.129809295180735,0.5558042192353597,0.9614573118815635
66,-1.591181668962992,-0.52220250397464,-0.6748897332722491,0.07890259201396169,-0.28467871041242954,-0.6130553012867785,-0.8533925749205359,0.4385825250780995
67,0.08936929351858605,-0.06285308263539213,0.03730354625191735,2.09317714532059,-0.28467871041242954,1.129809295180735,0.49137942689506264,0.7184958744099239
68,0.6632159636342468,0.7410084047082915,-0.8173283891770824,0.5285174476627629,3.5127319445533716,2.232715797632833,0.42301421063446587,0.5551956406935268
69,-0.32052118513545735,-0.1776904379702041,-2.14675584428886,-0.7483887423798327,-0.28467871041242954,-1.4831259865545452,-0.36468039210161035,-0.9557502397311378
70,0.37629262857641643,1.6022885697193812,-1.339603460828138,-0.4966044232165043,-0.28467871041242954,-0.21818754114960856,0.8700197053950274,-0.08429226172536451
71,1.4829969209423337,0.6261710493734796,0.2747013060933062,-0.8203271192836405,-0.28467871041242954,-1.0024766095599886,0.8686717898209961,0.08999933387579016
72,2.1798107346542075,1.7745446027215992,2.173883384824417,1.4277471589603652,3.5127319445533716,0.8275312167309007,0.3703025003390978,0.7871657162804088
73,0.4582707243072251,0.45391501637126164,1.2242923454588615,1.3872818219519727,-0.28467871041242954,0.857486701982686,0.21049890086467687,0.4385825250780995
74,0.9911283465574816,1.659707247386787,-0.4374919734308603,1.499685535864173,-0.28467871041242954,1.442980277358491,0.6716885868485246,0.7871657162804088
75,0.37629262857641643,1.2577765037149453,0.41713996199813946,-2.4389405996193245,3.5127319445533716,1.2932028510995648,-3.2514667194758315,-2.8729577913438393
76,-0.5664554723278834,0.3964963387038557,0.41713996199813946,-0.6584657712500724,-0.28467871041242954,0.040518922388538804,1.0395316778386634,-0.08429226172536451
77,0.6632159636342468,0.9132644377105095,0.2272217541250284,-0.8562963077355452,-0.28467871041242954,0.31284151558658785,0.6716885868485246,0.08999933387579016
78,0.3271057711379312,-0.9815519253138878,-0.5799306293356936,-0.8562963077355452,-0.28467871041242954,1.129809295180735,0.6159793490289796,-0.03561623052143843
79,1.1140954901536946,-0.5796211816420459,-1.5770012206695267,-1.4677725114179145,-0.28467871041242954,-0.5041262640075593,0.7228077305497786,-0.6071670485288285
80,0.17134738924939474,-0.407365148639828,0.6070581698712505,0.9601477090856116,-0.28467871041242954,0.7213254053836614,0.2761470150252598,-0.9146111423910455
81,0.8271721550958642,0.16682162803423176,-0.3425328694943048,-0.6584657712500724,-0.28467871041242954,0.857486701982686,0.6716885868485246,1.3716968092755126
82,0.13035834138399038,-1.4409013466531355,-0.6748897332722491,0.9241785206337071,-0.28467871041242954,1.6063738332773208,1.0320197948628507,-2.221013012122223
83,-0.2385430894046487,0.10940295036682579,0.41713996199813946,1.8234082319313094,-0.28467871041242954,1.1325325211127149,1.0479595829708892,1.4843320986850275
84,0.9091502508266729,0.8558457600431035,-0.05765555768463818,1.6345699925588133,-0.28467871041242954,-1.4300230808809256,1.026036029363299,1.8615975104247042
85,-0.9353569031165225,-0.5796211816420459,-0.010176005716360419,-1.0541268442210172,-0.28467871041242954,-0.8962707982127492,-0.030867974626847223,0.08999933387579016
86,-0.9353569031165225,0.6261710493734796,0.17974220215675066,0.20479475159562524,-0.28467871041242954,1.946777074774882,0.24739132715327916,0.9614573118815635
87,-0.9353569031165225,-0.407365148639828,-0.15261466162119372,-0.11892794447151107,-0.28467871041242954,-0.09564237421048571,0.5558042192353597,-0.4328754529276738
88,0.8681612029612685,-0.7518772146442638,0.2272217541250284,0.8432478466169236,-0.28467871041242954,0.06638956874235316,-0.04563709241276728,0.9614573118815635
89,-1.0173349988473313,0.5113336940386676,0.7494968257760839,-0.4966044232165043,-0.28467871041242954,0.31284151558658785,-0.6480018615031609,0.9614573118815635
90,-2.0010721476170352,-0.8667145699790758,-0.3425328694943048,0.24076394004752985,-0.28467871041242954,1.1161931655208333,0.510705318942076,0.9614573118815635
91,-0.5664554723278834,0.05198427269941982,0.03730354625191735,-2.367002222715517,-0.28467871041242954,-0.4823404565517158,-0.685173310596669,-1.5678120772566342
92,-0.11557594580843567,0.5113336940386676,2.31632204072925,1.0500706802153719,-0.28467871041242954,1.1230012303507841,0.8058162826356019,-0.2585838573265192
93,0.6222269157688425,-0.5796211816420459,2.078924280887861,0.024948809336104785,-0.28467871041242954,0.9391834799420998,0.7693005727441258,0.6128741206792542
94,-0.5746532819009643,2.119056668726035,0.3221808580615839,-0.41837143833361246,3.5127319445533716,0.026902792728637128,-0.04563709241276728,0.9614573118815635
95,1.4829969209423337,0.22424030570163775,1.0818536895540283,0.7443325783741866,-0.28467871041242954,0.5579318494648317,0.7693005727441258,-1.1300418353322925
96,1.646953112403951,0.6261710493734796,0.03730354625191735,-0.029004973341750843,-0.28467871041242954,2.3552609645719556,0.9616709237895092,0.2642909294769449
97,-0.4024992808662661,0.3390776610364497,1.0818536895540283,-0.2987738867310315,-0.28467871041242954,-0.8853778944848275,-3.2514667194758315,0.7871657162804088
98,0.4582707243072251,-0.7518772146442638,-1.102205700986749,0.6274327159054985,-0.28467871041242954,0.5851641087846369,0.9387548997892321,-0.2585838573265192
99,0.6632159636342468,0.45391501637126164,-0.7698488372088047,1.310847296491677,-0.28467871041242954,0.4898512011653193,-0.8533925749205359,0.4385825250780995
100,-0.9763459509819269,-0.407365148639828,0.13226265018847289,1.3198395936046525,-0.28467871041242954,0.857486701982686,0.49137942689506264,1.5349970429919098
101,-0.5664554723278834,0.5113336940386676,-0.05765555768463818,-0.8383117135095929,-0.28467871041242954,0.857486701982686,0.7693005727441258,-1.0779113761074426
102,0.7451940593650556,0.3390776610364497,0.41713996199813946,0.1688255631437219,-0.28467871041242954,-0.13649076319019268,0.24739132715327916,-0.6071670485288285
103,-0.2385430894046487,0.3964963387038557,1.8415265210464724,-0.5865273943462646,-0.28467871041242954,1.4933599571001306,0.24739132715327916,-0.08429226172536451
104,0.3271057711379312,-0.6370398593094518,-0.8173283891770824,1.2928627022657249,-0.28467871041242954,-0.3638801285105639,-0.12298345140778191,-0.09800529417206197
105,0.08936929351858605,-0.407365148639828,-0.6274101813039714,1.6615468838977412,-0.28467871041242954,-0.33392464325877863,0.3511084756836713,-0.09800529417206197
106,0.4172816764418208,-0.7518772146442638,-0.4374919734308603,0.07890259201396169,-0.28467871041242954,0.6668608867440509,0.7693005727441258,-0.09800529417206197
107,-2.6159078655981003,-2.015088123327195,-0.5324510773674158,-1.7078668443343745,-0.28467871041242954,-1.8766321337257261,-0.042184970618187656,-1.5678120772566342
108,-0.9353569031165225,-0.29252779330501605,0.08478309822019511,-0.478619828990552,-0.28467871041242954,-0.09564237421048571,-0.4509683647226797,0.9614573118815635
109,-0.2385430894046487,-0.9815519253138878,-0.3425328694943048,-0.2088509156012713,-0.28467871041242954,0.026902792728637128,-3.2514667194758315,-0.6071670485288285
110,-2.3699735784056744,-0.46478382630723397,-1.0072465970501936,0.06091799778800939,-0.28467871041242954,0.4490028121856124,-0.04563709241276728,-0.4328754529276738
111,0.49925977217262946,-0.7518772146442638,-1.0072465970501936,-0.5145890174424566,-0.28467871041242954,0.7213254053836614,0.49137942689506264,-0.4247104412418539
112,-0.9353569031165225,-1.7279947349901654,-2.14675584428886,-1.3598649460622019,-0.28467871041242954,-0.517742393667461,-0.7423629658522866,1.3100405030838729
113,0.8681612029612685,0.2816589833690437,-0.15261466162119372,-0.029004973341750843,3.5127319445533716,0.6178428199684021,0.9616709237895092,0.4385825250780995
114,0.17134738924939474,-0.407365148639828,-0.7223692852405269,1.8863543117221417,-0.28467871041242954,1.2591625269498086,0.06571249892926224,0.5551956406935268
115,-0.9353569031165225,0.6835897270408855,0.41713996199813946,-0.5685428001203122,-0.28467871041242954,-0.2726520597892172,-0.8139278594882335,-1.0779113761074426
116,-0.4434883287316704,0.5113336940386676,-1.1496852529550268,-1.287926569158394,-0.28467871041242954,-0.7764488572056083,-0.3264062768739846,-1.3043334309334471
117,-0.3615102330008617,-1.0389706029812937,-1.2446443568915824,-0.8383117135095929,-0.28467871041242954,-0.8799314426208676,-0.4509683647226797,1.1357489074827183
118,1.9338764474617813,0.6835897270408855,0.9868945856174727,-0.10094335024555877,-0.28467871041242954,-0.280821737585159,1.0169188359257517,0.7184958744099239
119,-0.5664554723278834,-0.29252779330501605,-0.05765555768463818,-1.1080806268988737,-0.28467871041242954,-1.807189872460224,0.06571249892926224,-1.0779113761074426
120,1.4829969209423337,1.889381958056411,1.4616901053002502,-0.9911807644301855,-0.28467871041242954,0.4490028121856124,1.0508670850501163,0.0652949395443352
121,-0.5664554723278834,-0.1776904379702041,-0.8173283891770824,-0.9282346846393531,-0.28467871041242954,0.040518922388538804,0.5558042192353597,0.6128741206792542
122,-0.2385430894046487,-0.23510911563761006,0.08478309822019511,-0.9282346846393531,-0.28467871041242954,-0.6402875606065838,-3.2514667194758315,0.7871657162804088
123,0.9091502508266729,1.7745446027215992,0.7969763777443616,-0.9282346846393531,-0.28467871041242954,-2.079512465658273,0.6830087316794873,0.7184958744099239
124,-1.6731597646938006,-0.9241332476464817,-2.2417149482254155,-1.814875179978789,-0.28467871041242954,0.3400737749063931,-0.7829893500002993,-1.478625026534602
125,-1.3042583339051617,-0.8667145699790758,0.9868945856174727,1.3198395936046525,-0.28467871041242954,0.7213254053836614,0.3511084756836713,0.2642909294769449
126,0.2533254849802034,0.6835897270408855,-0.5799306293356936,-0.5685428001203122,-0.28467871041242954,0.43538668252571067,0.6159793490289796,0.2642909294769449
127,-0.48447737659707474,-1.6705760573227595,-0.8173283891770824,-1.287926569158394,-0.28467871041242954,-0.4033669045242818,-0.5659266569367923,1.0450963418427182
128,-0.8123897595203095,-1.6705760573227595,-1.8618785324791933,-1.242965083593514,-0.28467871041242954,-1.1713166173427791,-0.6003707270446152,-1.6902872525439319
129,-0.6484335680586921,-0.6370398593094518,-0.7223692852405269,-1.215988192254586,-0.28467871041242954,-0.6402875606065838,0.42301421063446587,-1.404511843540237
130,0.8681612029612685,0.7410084047082915,1.2242923454588615,-1.4138187287400583,-0.28467871041242954,-0.6947520792461944,0.7209201213125657,0.4385825250780995
131,1.6879421602693554,0.9706831153779154,2.173883384824417,0.6184404187925231,3.5127319445533716,-0.19095528182980326,0.10668728368716573,0.7871657162804088
132,0.37629262857641643,0.6261710493734796,0.8444559297126394,1.3737933762825083,3.5127319445533716,0.9936479985817105,-0.04563709241276728,0.4385825250780995
133,1.1550845380190988,0.6261710493734796,0.13226265018847289,2.0392233626427343,-0.28467871041242954,0.9936479985817105,-0.8267353804562908,-0.09800529417206197
134,0.13035834138399038,0.6261710493734796,0.3221808580615839,-2.1871562804559965,-0.28467871041242954,-0.30260754504100246,0.5938191828711853,0.7871657162804088
135,0.6632159636342468,-0.29252779330501605,-0.5324510773674158,-0.06407493208235739,3.5127319445533716,0.5974186254785495,0.6159793490289796,-0.09800529417206197
136,1.6879421602693554,1.7745446027215992,0.9868945856174727,1.4817009416382207,3.5127319445533716,0.5906105606485987,0.2761470150252598,0.2642909294769449
137,-0.2385430894046487,0.16682162803423176,0.31268494766792837,0.7803017668260912,-0.28467871041242954,1.2210373639020817,0.5558042192353597,0.881796108126321
138,-0.9353569031165225,0.22424030570163775,0.17974220215675066,-0.11892794447151107,-0.28467871041242954,-0.9126101538046328,-0.042184970618187656,-0.8329610255328469
139,0.9501392986920772,0.6261710493734796,1.1768127934905837,1.4097625647344127,-0.28467871041242954,0.5851641087846369,-0.3264062768739846,0.7079232310731571
140,0.7451940593650556,0.3964963387038557,1.746567417109917,-0.11892794447151107,-0.28467871041242954,0.4490028121856124,-0.3264062768739846,1.3100405030838729
141,0.4582707243072251,0.45391501637126164,0.3221808580615839,0.31270231695133777,-0.28467871041242954,0.8302544426628806,0.8700197053950274,0.08999933387579016
142,0.3271057711379312,0.6261710493734796,1.746567417109917,0.5105328534368105,-0.28467871041242954,-0.23180367080951023,0.6830087316794873,1.6982972767083069
143,0.8271721550958642,0.05198427269941982,0.3221808580615839,-0.1728817271493667,-0.28467871041242954,1.4674893107463163,0.40229010692609724,-0.7513109086746483
144,-0.525466424462479,0.10940295036682579,0.5595786179029728,-0.8535986186016523,-0.28467871041242954,-1.096427904213316,-3.2514667194758315,0.7871657162804088
145,-0.5664554723278834,-1.2112266359835115,-1.8618785324791933,1.1849551369100122,-0.28467871041242954,-0.5041262640075593,0.6830087316794873,-0.22048046945935984
146,0.5812378679034381,1.0855204707127273,2.8860766643485833,0.024948809336104785,-0.28467871041242954,0.5851641087846369,-0.7829893500002993,0.7871657162804088
147,-0.11557594580843567,-1.7279947349901654,0.41713996199813946,-1.7681152349913138,-0.28467871041242954,0.4490028121856124,-0.12298345140778191,0.2642909294769449
148,-0.4024992808662661,-0.8667145699790758,0.03730354625191735,1.4097625647344127,-0.28467871041242954,-0.5041262640075593,0.06571249892926224,-1.5678120772566342
149,-1.4682145253667789,-1.3260639913183236,0.7020172738078061,-0.2987738867310315,-0.28467871041242954,0.2311447376271739,0.06571249892926224,1.0450963418427182
150,0.17134738924939474,0.6261710493734796,-0.6748897332722491,1.2299166224748923,-0.28467871041242954,1.3340512400792717,0.9387548997892321,0.2642909294769449
151,-1.1403021424435442,-2.359600189331631,0.03730354625191735,-0.5685428001203122,-0.28467871041242954,-0.36796496740853474,-3.2514667194758315,-0.9146111423910455
152,-0.9353569031165225,-1.7279947349901654,1.0818536895540283,-0.029004973341750843,-0.28467871041242954,1.402131888378784,0.06026991218530856,-0.08429226172536451
153,-0.07458689794303132,0.05198427269941982,-0.05765555768463818,-1.3418803518362503,-0.28467871041242954,0.040518922388538804,-0.8267353804562908,-0.7513109086746483
154,-1.3862364296359702,-1.6705760573227595,-1.102205700986749,0.7623171726001389,-0.28467871041242954,-0.3461791599526913,-0.35707187585951616,0.0652949395443352
155,0.49925977217262946,-0.6944585369768579,-1.8143989805109155,-1.5936646709995788,-0.28467871041242954,-1.3074779139418038,0.2761470150252598,0.881796108126321
156,-0.3615102330008617,0.7984270823756975,-0.6748897332722491,-0.4993021123503972,-0.28467871041242954,0.7267718572476233,-0.3264062768739846,-0.014575623484902635
157,-0.5664554723278834,0.10940295036682579,0.512099065934695,-0.17917633512845058,-0.28467871041242954,-1.5934166367997555,-0.9684223898601885,1.4843320986850275
158,1.5649750166731424,1.2577765037149453,0.17974220215675066,0.7083633899222833,-0.28467871041242954,0.040518922388538804,0.9581040154658002,-0.4328754529276738
159,-1.0583240467127355,-0.6370398593094518,-0.5324510773674158,0.1508409689177696,-0.28467871041242954,0.6532447570841492,1.029726331658705,-1.5678120772566342
160,-0.11557594580843567,-1.2686453136509177,-1.1496852529550268,0.8702247379558514,-0.28467871041242954,0.4490028121856124,0.3050646772029058,0.2642909294769449
161,0.2533254849802034,0.7984270823756975,1.9839651769513058,-0.7483887423798327,-0.28467871041242954,-2.1053831120120874,-3.2514667194758315,-2.0014998133380657
162,-0.4926751861701556,-1.1078730161821808,0.9868945856174727,0.3486715054032424,-0.28467871041242954,0.7553657295334175,0.6830087316794873,1.5349970429919098
163,-1.5092035732321833,-0.1776904379702041,-0.3425328694943048,0.5914635274535952,-0.28467871041242954,-0.9126101538046328,0.7780359981509463,-0.08429226172536451
164,-0.8123897595203095,0.3390776610364497,-0.7698488372088047,-1.1800190038026814,-0.28467871041242954,-0.38158109706843646,-0.04563709241276728,0.9614573118815635
165,2.3027778782504207,1.946800635723817,-0.3425328694943048,-1.0541268442210172,-0.28467871041242954,-1.2108033933564963,-0.04563709241276728,0.9614573118815635
166,-0.4926751861701556,-0.1776904379702041,-1.4820421167329711,0.30371001983836227,-0.28467871041242954,0.5851641087846369,-0.12298345140778191,-0.4247104412418539
167,1.5649750166731424,0.9706831153779154,0.3221808580615839,-0.029004973341750843,3.5127319445533716,1.129809295180735,1.0169188359257517,1.2083965755591153
168,0.6632159636342468,-0.7518772146442638,-0.8173283891770824,1.4187548618473884,-0.28467871041242954,0.6614144348800909,0.40229010692609724,1.3716968092755126
169,1.4829969209423337,1.2577765037149453,2.173883384824417,1.139993651345132,3.5127319445533716,2.191867408653126,1.009955841027884,0.08999933387579016
170,-1.0583240467127355,-2.2447628339968193,-2.384153604130249,-1.1980035980286339,-0.28467871041242954,-0.23180367080951023,-0.8690645223080655,0.7290685177466906
171,0.9911283465574816,-1.4409013466531355,-0.15261466162119372,0.5851689194745113,-0.28467871041242954,-0.5585907826471699,-0.3264062768739846,0.2642909294769449
172,-3.1077764399829526,-1.0389706029812937,-0.5799306293356936,-1.575680076773627,-0.28467871041242954,0.14944795966775803,-0.549597839571203,0.7871657162804088
173,0.7451940593650556,1.0855204707127273,0.08478309822019511,-0.7304041481538803,-0.28467871041242954,0.4190473269338271,0.8700197053950274,-0.4328754529276738
174,-0.5664554723278834,1.7745446027215992,0.41713996199813946,1.2568935138138202,-0.28467871041242954,0.5198066864171046,-0.36468039210161035,-0.7814586441299831
175,-0.07458689794303132,0.9132644377105095,-0.4374919734308603,-0.8383117135095929,-0.28467871041242954,-0.09564237421048571,0.3050646772029058,1.3100405030838729
176,-0.5664554723278834,0.8558457600431035,-0.4374919734308603,-0.3886968578607918,-0.28467871041242954,0.040518922388538804,0.19869036240979518,0.3918954069771296
177,0.7451940593650556,0.22424030570163775,-0.24757376555774924,1.6570507353412534,-0.28467871041242954,1.1230012303507841,-0.5707718051884615,0.08999933387579016
178,1.0731064422882903,2.4635687347304707,1.1768127934905837,1.4637163474122685,3.5127319445533716,0.6940931460638561,1.0482475741408908,0.7871657162804088
179,0.2533254849802034,0.2816589833690437,-1.2446443568915824,-1.575680076773627,3.5127319445533716,1.0331347745954285,0.9767719633319382,-1.1300418353322925
180,-0.8123897595203095,0.3964963387038557,-0.48497152539913807,0.6004558245665708,-0.28467871041242954,0.9255673502821982,0.0388360700610988,-1.478625026534602
181,0.6222269157688425,0.22424030570163775,0.08478309822019511,0.9376669663031716,-0.28467871041242954,1.129809295180735,0.7109417685616937,1.3100405030838729
182,1.3190407294807163,1.3151951813823513,-0.24757376555774924,0.3423768974241585,-0.28467871041242954,-2.1789102121755604,0.7693005727441258,1.6982972767083069
183,-1.4682145253667789,-2.474437544666443,-1.5770012206695267,-1.7375414248071952,-0.28467871041242954,-1.1209369376011404,-0.20284812965799467,1.3716968092755126
184,-0.48447737659707474,1.5448698920519752,-0.8173283891770824,-0.029004973341750843,-0.28467871041242954,-0.34073270808872946,0.6159793490289796,-0.5880106749582511
185,-0.07458689794303132,0.6261710493734796,0.13226265018847289,-0.6584657712500724,-0.28467871041242954,-1.0120079003219213,0.2761470150252598,0.22859517326073236
186,0.8271721550958642,-0.52220250397464,-0.4469878838245159,-1.5936646709995788,-0.28467871041242954,-1.1522540358189157,0.06571249892926224,0.3918954069771296
187,-0.3615102330008617,0.9706831153779154,0.512099065934695,-0.2987738867310315,-0.28467871041242954,-0.39519722672834007,-0.04563709241276728,-1.1300418353322925
188,-0.525466424462479,0.3390776610364497,0.3221808580615839,-0.7214118510409049,-0.28467871041242954,2.49142226117098,-3.2514667194758315,1.1357489074827183
189,-1.0583240467127355,-2.6007586355347363,-0.3425328694943048,-1.0334445608611726,-0.28467871041242954,-2.1789102121755604,-0.7380457555545482,-2.7109137132714145
190,0.08936929351858605,-0.8667145699790758,-0.5324510773674158,0.6004558245665708,-0.28467871041242954,0.31284151558658785,-1.0776116999122536,0.881796108126321
191,-1.4272254775013746,-1.3260639913183236,-1.9093580844474711,-1.1980035980286339,-0.28467871041242954,-1.3210940436017065,-0.685173310596669,-1.3043334309334471
192,-0.5664554723278834,-1.5557387019879476,-1.4820421167329711,-0.9282346846393531,-0.28467871041242954,-0.23180367080951023,0.06571249892926224,-1.5678120772566342
193,1.2370626337499075,1.0855204707127273,1.6516083131733614,2.0841848482076144,-0.28467871041242954,0.857486701982686,1.0169188359257517,0.22859517326073236
194,0.8681612029612685,0.7984270823756975,0.9868945856174727,0.3576638025162179,3.5127319445533716,0.36730603422619845,-0.36468039210161035,-0.2585838573265192
195,-0.5664554723278834,1.2003578260475394,0.08478309822019511,0.4206098823070503,-0.28467871041242954,0.857486701982686,0.11936253102951128,-4.615873747355386
196,1.4420078730769292,0.7984270823756975,1.5566492092368058,0.8342555495039469,-0.28467871041242954,1.7833835188560523,0.7209201213125657,-0.9557502397311378
197,0.49925977217262946,-0.06285308263539213,-1.0072465970501936,0.33068691117729004,-0.28467871041242954,-1.0487714504036574,1.042526365415466,-0.5880106749582511
198,-1.5501926210975876,-1.4409013466531355,-1.2446443568915824,1.2568935138138202,-0.28467871041242954,1.8106157781758576,-0.3264062768739846,1.4843320986850275
199,-0.48447737659707474,-0.6370398593094518,-0.4374919734308603,0.3450745865580514,-0.28467871041242954,-1.8303372928820585,-0.6003707270446152,-1.8944125446894284
200,0.9501392986920772,1.6022885697193812,0.3221808580615839,-0.10094335024555877,-0.28467871041242954,-0.6457340124705456,-0.36468039210161035,0.08999933387579016
201,-2.083050243347844,-0.23510911563761006,0.3221808580615839,-0.5910235429027523,-0.28467871041242954,0.5851641087846369,0.24739132715327916,1.3100405030838729
202,1.2370626337499075,0.9132644377105095,-0.010176005716360419,-0.8023425250576883,-0.28467871041242954,-0.5041262640075593,0.5558042192353597,0.4385825250780995
203,-1.591181668962992,-0.6370398593094518,-0.10513510965291595,-0.11892794447151107,-0.28467871041242954,0.5715479791247352,0.510705318942076,0.9614573118815635
204,-0.41069709043934693,-1.2112266359835115,1.746567417109917,-0.11892794447151107,-0.28467871041242954,0.4490028121856124,0.11936253102951128,-0.09800529417206197
205,-0.4024992808662661,-0.46478382630723397,2.553719800570639,-0.2088509156012713,-0.28467871041242954,1.6472222222570279,1.0512962108938577,0.4385825250780995
206,0.9091502508266729,0.16682162803423176,-0.4469878838245159,1.8593774203832139,-0.28467871041242954,-0.23180367080951023,-0.43020033804458135,0.22859517326073236
207,-1.222280238174353,-1.7854134126575714,-0.7223692852405269,-0.2448201040531759,-0.28467871041242954,-1.3210940436017065,-0.35707187585951616,0.3918954069771296
208,0.7451940593650556,1.889381958056411,-0.4374919734308603,0.25874853427348216,-0.28467871041242954,0.43538668252571067,0.8058162826356019,-1.1300418353322925
209,1.8109093038655684,1.2003578260475394,0.512099065934695,1.1579782455710845,-0.28467871041242954,-0.436045615708047,0.5558042192353597,0.7871657162804088
210,-1.7961269082900138,-1.4409013466531355,-1.8143989805109155,-1.9623488526315958,-0.28467871041242954,0.17668021898756334,-3.2514667194758315,0.2642909294769449
211,-0.6074445201932878,0.05198427269941982,0.5595786179029728,-0.2717969953921037,-0.28467871041242954,-0.3135004487689242,-0.18104145674279848,0.9614573118815635
212,0.2533254849802034,0.16682162803423176,-0.24757376555774924,-0.42466604631269633,-0.28467871041242954,0.040518922388538804,0.19869036240979518,-0.7513109086746483
213,0.6632159636342468,-0.1776904379702041,0.41713996199813946,-0.06497416179365545,-0.28467871041242954,0.24476086728707558,1.0058665841794212,-0.2613055278884591
214,0.49925977217262946,-0.7518772146442638,-0.5324510773674158,-0.5919227726140504,-0.28467871041242954,0.07047440764032405,0.06571249892926224,0.5551956406935268
215,0.08936929351858605,1.2003578260475394,-0.5324510773674158,1.5896085069939332,-0.28467871041242954,-1.0542179022676181,-0.4509683647226797,-0.4328754529276738
216,-1.591181668962992,-1.0389706029812937,-0.24757376555774924,0.1058794833528895,-0.28467871041242954,1.5110609256580032,0.24739132715327916,0.08999933387579016
217,0.5812378679034381,1.4300325367171631,0.2272217541250284,0.7623171726001389,-0.28467871041242954,0.17668021898756334,0.2761470150252598,1.0450963418427182
218,-2.4929407220018875,-2.991205643673097,-1.4345625647646933,-0.3886968578607918,-0.28467871041242954,-0.23180367080951023,-0.8533925749205359,-1.1300418353322925
219,1.3600297773461207,-0.34994647097242204,1.4142105533319727,-0.5325736116684076,-0.28467871041242954,-0.5259120714634027,1.058652091468494,-0.2585838573265192
220,1.3600297773461207,1.946800635723817,0.41713996199813946,0.9421631148596593,3.5127319445533716,-0.7451317589878321,0.7209201213125657,1.1357489074827183
221,0.8681612029612685,0.3964963387038557,0.17974220215675066,-0.3886968578607918,-0.28467871041242954,-0.05479398523077875,-0.2843091826156739,0.9614573118815635
222,-1.1812911903089485,-0.34994647097242204,0.08478309822019511,-0.8383117135095929,-0.28467871041242954,0.010563437136753567,0.0388360700610988,0.6128741206792542
223,0.6632159636342468,-0.8667145699790758,-0.10513510965291595,0.7803017668260912,-0.28467871041242954,0.4490028121856124,-0.1054330087908692,-2.8729577913438393
224,-0.8123897595203095,-0.1776904379702041,-0.5324510773674158,-1.0541268442210172,-0.28467871041242954,0.857486701982686,0.8686717898209961,1.2083965755591153
225,0.2533254849802034,0.9132644377105095,1.4142105533319727,0.9151862235207315,-0.28467871041242954,0.08136731136824578,-3.2514667194758315,0.2642909294769449
226,-1.3042583339051617,-1.3260639913183236,-0.4374919734308603,-0.5685428001203122,-0.28467871041242954,-0.5259120714634027,-0.685173310596669,0.22859517326073236
227,-0.15656499367384,-0.6370398593094518,0.13226265018847289,0.24076394004752985,-0.28467871041242954,1.3476673697391734,0.6159793490289796,1.8615975104247042
228,-0.5664554723278834,0.9706831153779154,-1.0072465970501936,-1.1980035980286339,-0.28467871041242954,-0.09564237421048571,-0.3264062768739846,0.2642909294769449
229,1.1140954901536946,1.6022885697193812,1.9839651769513058,1.8234082319313094,3.5127319445533716,1.5382931849778085,-0.04563709241276728,-0.6071670485288285
230,0.6222269157688425,0.3964963387038557,1.319251449395417,-1.1080806268988737,-0.28467871041242954,-1.3210940436017065,0.9616709237895092,0.4385825250780995
231,-0.6484335680586921,0.05198427269941982,-1.1971648049233046,-1.0361422499950657,-0.28467871041242954,-0.2345268967414902,-0.35707187585951616,0.5551956406935268
232,0.007391197787777364,-1.6705760573227595,-0.3425328694943048,-1.287926569158394,-0.28467871041242954,-1.1849327470026818,-0.3264062768739846,-1.0779113761074426
233,0.8681612029612685,1.717125925054193,1.4142105533319727,1.9403080943999986,-0.28467871041242954,0.6396286274242474,1.0607071549259293,0.2642909294769449
234,-0.48447737659707474,-0.9815519253138878,-0.24757376555774924,0.6454173101314509,-0.28467871041242954,1.402131888378784,0.6830087316794873,0.5551956406935268
235,0.17134738924939474,0.8558457600431035,-0.24757376555774924,0.7542241051984602,-0.28467871041242954,0.7703434721593102,0.0388360700610988,-0.2613055278884591
236,0.5812378679034381,-1.3260639913183236,-0.912287493113638,1.0590629773283473,-0.28467871041242954,0.5851641087846369,0.2761470150252598,-0.7513109086746483
237,-0.07458689794303132,-1.1078730161821808,-0.15261466162119372,1.8144159348183337,-0.28467871041242954,-0.359795289612593,0.6830087316794873,-1.2412116098238397
238,1.1140954901536946,0.5113336940386676,0.6545377218395283,0.9061939264077561,-0.28467871041242954,-0.5803765901030133,0.3511084756836713,-1.6529166221357563
239,-0.6074445201932878,-0.7518772146442638,-0.24757376555774924,-1.7375414248071952,-0.28467871041242954,-0.980690802104145,0.24739132715327916,-0.08429226172536451
240,0.2533254849802034,0.6835897270408855,-2.0517967403523043,-0.029004973341750843,-0.28467871041242954,0.857486701982686,0.6716885868485246,-0.2585838573265192
241,-0.11557594580843567,1.0855204707127273,1.5566492092368058,0.07890259201396169,-0.28467871041242954,0.3686676471921874,0.9387548997892321,0.5178250102853512
242,0.9911283465574816,0.05198427269941982,-0.6274101813039714,-1.1440498153507774,3.5127319445533716,0.040518922388538804,0.06026991218530856,-0.5880106749582511
243,0.49925977217262946,-2.359600189331631,-1.6719603246060823,1.5806162098809577,-0.28467871041242954,-0.15555334471405619,0.40229010692609724,-1.0779113761074426
244,0.13035834138399038,0.9132644377105095,-0.15261466162119372,-0.5685428001203122,-0.28467871041242954,-0.3475407729186803,0.3511084756836713,0.9614573118815635
245,0.7451940593650556,-0.407365148639828,0.3221808580615839,0.1868101573696742,3.5127319445533716,0.7090708886897488,0.06571249892926224,-0.5880106749582511
246,0.37629262857641643,-0.6944585369768579,1.4142105533319727,1.7604621521404782,-0.28467871041242954,0.3305424841444604,0.6830087316794873,0.08999933387579016
247,0.49925977217262946,0.9132644377105095,0.7494968257760839,-0.2987738867310315,-0.28467871041242954,0.9936479985817105,-0.04563709241276728,1.4843320986850275
248,0.9911283465574816,-0.5796211816420459,-1.339603460828138,1.8593774203832139,-0.28467871041242954,-0.5041262640075593,-0.2843091826156739,0.3918954069771296
249,1.9338764474617813,1.3726138590497572,1.746567417109917,1.2299166224748923,-0.28467871041242954,0.47623507150541766,0.8686717898209961,-1.478625026534602
250,-0.8943678552511182,0.3390776610364497,0.2272217541250284,-0.2088509156012713,-0.28467871041242954,0.5851641087846369,-0.36468039210161035,0.2642909294769449
251,-1.1403021424435442,0.05198427269941982,0.08478309822019511,-1.692579939242315,-0.28467871041242954,-1.7200466426368481,-0.9225747155667424,-1.8272082177369111
252,-1.0583240467127355,-0.8667145699790758,-0.010176005716360419,0.09059257826083011,-0.28467871041242954,-0.41017496935423264,0.42301421063446587,-0.08429226172536451
253,1.4420078730769292,-1.0389706029812937,-0.912287493113638,0.4206098823070503,-0.28467871041242954,1.5396547979437996,-0.3264062768739846,1.4843320986850275
254,-1.0583240467127355,-0.46478382630723397,-2.384153604130249,-0.5145890174424566,-0.28467871041242954,1.1325325211127149,-0.5824282119878617,-0.08429226172536451
255,1.0731064422882903,0.8558457600431035,-0.7223692852405269,1.16697054268406,-0.28467871041242954,-0.9534585427843398,-3.2514667194758315,-0.9554362008201448
256,0.9091502508266729,1.4300325367171631,-0.3425328694943048,-1.9173873670667156,-0.28467871041242954,0.3809221638861001,0.3511084756836713,0.7184958744099239
257,-0.11557594580843567,-0.06285308263539213,-1.8143989805109155,-1.2699419749324417,-0.28467871041242954,-0.23180367080951023,0.40229010692609724,1.6586236942861823
258,0.6222269157688425,0.6261710493734796,0.8444559297126394,-0.8985601041665324,-0.28467871041242954,-0.23180367080951023,1.0395316778386634,-1.3043334309334471
259,-1.222280238174353,-1.2112266359835115,-0.912287493113638,0.5375097447757383,-0.28467871041242954,-1.1114056468392088,-0.7862956649702133,-0.4247104412418539
260,-1.6731597646938006,-1.5557387019879476,-3.0488673316861377,-0.2987738867310315,-0.28467871041242954,-1.4572553402007309,-0.9344536478559335,-2.1757914089392205
261,-0.8943678552511182,-0.1776904379702041,-1.0072465970501936,1.2299166224748923,-0.28467871041242954,-0.9126101538046328,-0.8267353804562908,-0.710485850245549
262,-0.11557594580843567,0.22424030570163775,-1.1496852529550268,-1.6296338594514825,-0.28467871041242954,-0.79006498686551,0.6830087316794873,-3.744415769349613
263,-0.8123897595203095,-1.2112266359835115,-0.24757376555774924,-1.1080806268988737,-0.28467871041242954,-1.1849327470026818,-0.685173310596669,1.0450963418427182
264,-0.4926751861701556,-1.3260639913183236,-1.2921239088598602,-0.06497416179365545,-0.28467871041242954,1.837848037495663,0.5558042192353597,0.22859517326073236
265,0.2533254849802034,-0.23510911563761006,-0.4374919734308603,1.8665712580735947,-0.28467871041242954,2.0965545010338085,-0.36468039210161035,-0.08429226172536451
266,-0.8943678552511182,1.889381958056411,1.1768127934905837,0.6598049855122122,-0.28467871041242954,-0.8036811165254136,0.06571249892926224,1.2083965755591153
267,-1.3042583339051617,-0.52220250397464,1.0818536895540283,-0.9282346846393531,-0.28467871041242954,1.2659705917797595,-0.04563709241276728,-6.010206512164623
268,-1.3862364296359702,-1.9002507679923835,-1.4820421167329711,-1.1800190038026814,-0.28467871041242954,-0.7356004682259013,-0.685173310596669,-1.8399791334506295
269,0.3271057711379312,1.0855204707127273,-0.4374919734308603,2.1471309279984467,-0.28467871041242954,1.4661276977803255,-0.2843091826156739,0.3918954069771296
270,1.3928210156384442,1.5448698920519752,0.6070581698712505,0.1058794833528895,-0.28467871041242954,0.6532447570841492,0.5793178015499452,-1.404511843540237
271,0.7451940593650556,0.3390776610364497,0.5595786179029728,-0.5325736116684076,-0.28467871041242954,0.35368990456629484,0.8700197053950274,0.4385825250780995
272,1.2370626337499075,0.9132644377105095,1.2242923454588615,-1.215988192254586,-0.28467871041242954,1.8514641671555645,0.510705318942076,0.6128741206792542
273,0.17134738924939474,-0.06285308263539213,-0.6748897332722491,0.7623171726001389,-0.28467871041242954,0.42177055286580706,0.3511084756836713,0.4385825250780995
274,0.4172816764418208,0.9706831153779154,0.8919354816809172,0.8594339814202798,-0.28467871041242954,0.7349415350435631,0.9761254374245051,-0.8329610255328469
275,-0.8123897595203095,-2.2447628339968193,-1.8143989805109155,0.6004558245665708,-0.28467871041242954,-0.7764488572056083,0.3318989558447083,0.6128741206792542
276,0.17134738924939474,0.45391501637126164,0.5595786179029728,-0.9282346846393531,-0.28467871041242954,0.040518922388538804,-0.5824282119878617,0.08999933387579016
277,0.5812378679034381,-0.06285308263539213,-0.5324510773674158,-0.13691253869746337,-0.28467871041242954,0.857486701982686,0.6159793490289796,-0.4247104412418539
278,0.9091502508266729,1.3151951813823513,0.4076440516044839,1.7694544492534536,-0.28467871041242954,0.31284151558658785,0.40229010692609724,0.7184958744099239
279,-0.6074445201932878,-0.06285308263539213,0.8919354816809172,-0.3797045607478162,-0.28467871041242954,-1.0487714504036574,0.24739132715327916,0.9614573118815635
280,-0.8943678552511182,-0.8667145699790758,-0.912287493113638,-1.8274643959369554,3.5127319445533716,-0.79006498686551,-3.2514667194758315,-0.4247104412418539
281,0.49925977217262946,-0.06285308263539213,-0.48497152539913807,-0.3886968578607918,-0.28467871041242954,0.4898512011653193,-0.04563709241276728,-2.52437460014153
282,0.048380245653181705,-0.1776904379702041,-0.4374919734308603,1.4637163474122685,-0.28467871041242954,0.12221570034795275,-3.2514667194758315,0.7871657162804088
283,-0.48447737659707474,0.3964963387038557,0.7494968257760839,-1.1080806268988737,-0.28467871041242954,0.9936479985817105,0.8112122261699296,-0.09800529417206197
284,1.1550845380190988,-0.1776904379702041,-0.5324510773674158,0.7263479841482355,-0.28467871041242954,0.34960506566832394,-0.12298345140778191,-0.9146111423910455
285,-0.32052118513545735,0.05198427269941982,-0.24757376555774924,-0.5145890174424566,-0.28467871041242954,-0.1691694743739598,0.09768889785897228,0.14694505640253377
286,1.1550845380190988,0.22424030570163775,2.411281144665806,0.9961168975375163,-0.28467871041242954,0.4898512011653193,-0.9610296332618473,0.7871657162804088
287,0.007391197787777364,0.5113336940386676,-0.48497152539913807,0.33068691117729004,-0.28467871041242954,1.129809295180735,1.058652091468494,-2.6700886548423153
288,0.08936929351858605,-0.407365148639828,-0.7223692852405269,0.690378795696331,-0.28467871041242954,0.5851641087846369,0.6716885868485246,-0.2613055278884591
289,1.3600297773461207,0.2816589833690437,1.0818536895540283,0.19580245448264974,-0.28467871041242954,-1.4572553402007309,-0.2843091826156739,-0.4328754529276738
290,-0.03359785007762698,0.7410084047082915,0.7494968257760839,1.6075931012198856,-0.28467871041242954,0.15625602449770887,-0.8533925749205359,1.1357489074827183
291,0.7451940593650556,1.0281017930453213,0.3221808580615839,-0.029004973341750843,-0.28467871041242954,1.1025770358609297,-0.36468039210161035,-0.2585838573265192
292,1.8109093038655684,0.9706831153779154,-0.24757376555774924,-0.06497416179365545,-0.28467871041242954,-0.5585907826471699,-0.2843091826156739,-0.6071670485288285
293,0.9911283465574816,-0.9815519253138878,0.3221808580615839,0.5824712303406184,-0.28467871041242954,0.10179150585810023,0.9761254374245051,0.22859517326073236
294,-0.8123897595203095,-1.8428320903249773,-0.6748897332722491,-0.6584657712500724,-0.28467871041242954,-0.9126101538046328,0.510705318942076,-1.1300418353322925
295,0.17134738924939474,-0.29252779330501605,-0.8173283891770824,0.8702247379558514,-0.28467871041242954,1.2659705917797595,-0.6003707270446152,1.5349970429919098
296,-0.3615102330008617,-1.4409013466531355,-0.5799306293356936,-2.1871562804559965,-0.28467871041242954,-0.9126101538046328,-0.1054330087908692,0.08999933387579016
297,-0.3615102330008617,0.7984270823756975,0.41713996199813946,-0.6045119885722168,-0.28467871041242954,-1.225781135982389,-0.6480018615031609,-0.08429226172536451
298,0.17134738924939474,-0.06285308263539213,0.03730354625191735,-1.5478039557234011,-0.28467871041242954,1.8650802968154683,0.9925869370038352,1.3716968092755126
299,-1.3042583339051617,-1.2686453136509177,-0.3425328694943048,-0.7483887423798327,-0.28467871041242954,-0.34073270808872946,-0.3264062768739846,-0.4328754529276738
300,-0.4024992808662661,0.05198427269941982,-0.4374919734308603,-1.1980035980286339,-0.28467871041242954,-1.1849327470026818,0.8112122261699296,-1.478625026534602
301,-0.8123897595203095,-0.46478382630723397,1.2242923454588615,-0.2088509156012713,-0.28467871041242954,-1.4572553402007309,0.24739132715327916,-0.7814586441299831
302,-0.4434883287316704,-0.8667145699790758,-1.0072465970501936,0.6004558245665708,3.5127319445533716,1.2659705917797595,0.5938191828711853,1.1357489074827183
303,-0.5664554723278834,-0.6370398593094518,-1.1971648049233046,-1.0181576557691134,-0.28467871041242954,-0.9126101538046328,-1.0449282512170686,-0.9146111423910455
304,1.0731064422882903,0.7410084047082915,1.746567417109917,0.114871780465865,-0.28467871041242954,1.3340512400792717,0.9616709237895092,1.1357489074827183
305,0.08936929351858605,-0.46478382630723397,0.41713996199813946,-1.0181576557691134,-0.28467871041242954,-0.5041262640075593,-0.36468039210161035,0.6128741206792542
306,0.9091502508266729,0.7410084047082915,0.13226265018847289,-0.7843579308317372,-0.28467871041242954,-0.27129044682322817,0.19869036240979518,-0.09800529417206197
307,-0.2385430894046487,-0.5796211816420459,0.8444559297126394,-0.4426506405386474,-0.28467871041242954,-0.2957994802110516,0.9761254374245051,1.1357489074827183
308,-0.5664554723278834,0.9132644377105095,-1.1496852529550268,1.8962458385464154,-0.28467871041242954,1.8106157781758576,0.40229010692609724,-0.2585838573265192
309,-0.525466424462479,-0.7518772146442638,-0.6748897332722491,-1.1233675319909329,-0.28467871041242954,0.17668021898756334,0.9616709237895092,0.2642909294769449
310,0.8271721550958642,2.176475346393441,1.5566492092368058,1.8054236377053583,3.5127319445533716,0.6532447570841492,-3.2514667194758315,0.9614573118815635
311,0.8271721550958642,0.2816589833690437,0.41713996199813946,0.9061939264077561,-0.28467871041242954,0.37956055092010915,-0.1364792668195989,-0.7513109086746483
312,-0.525466424462479,0.05198427269941982,2.2213629367926946,0.402625288081098,-0.28467871041242954,0.14944795966775803,-0.493038544559779,-0.7814586441299831
313,1.3928210156384442,-0.06285308263539213,-1.3870830127964155,0.5644866361146661,-0.28467871041242954,1.369453177195019,0.8818246055819593,0.0652949395443352
314,0.8681612029612685,-0.9815519253138878,-1.1496852529550268,0.04293340356205708,-0.28467871041242954,0.8792725094385294,-0.36468039210161035,-0.2585838573265192
315,-0.5664554723278834,-0.7518772146442638,0.03730354625191735,-0.7483887423798327,-0.28467871041242954,-1.5620995385819803,0.0388360700610988,-0.2613055278884591
316,0.13035834138399038,0.2816589833690437,0.3221808580615839,-0.9642038730912571,-0.28467871041242954,-0.09564237421048571,0.49137942689506264,-1.0779113761074426
317,-1.7961269082900138,-1.7854134126575714,-1.7669194285426377,0.5105328534368105,-0.28467871041242954,-2.9550296027900007,-0.2843091826156739,-0.5880106749582511
318,-0.7304116637895008,-1.7854134126575714,-1.102205700986749,0.01865420135702218,-0.28467871041242954,-0.5041262640075593,-0.6003707270446152,0.22859517326073236
319,-1.7961269082900138,-1.4409013466531355,-0.010176005716360419,-0.35902227738797104,-0.28467871041242954,-1.1168520987031696,0.40229010692609724,-0.4328754529276738
320,0.2533254849802034,-0.7518772146442638,-1.6719603246060823,0.8702247379558514,-0.28467871041242954,1.916821589523097,0.7209201213125657,0.08999933387579016
321,1.3928210156384442,-0.29252779330501605,0.8919354816809172,1.8503851232702384,-0.28467871041242954,0.5851641087846369,0.8818246055819593,-0.34295564474665774
322,-1.0583240467127355,0.10940295036682579,-0.24757376555774924,-1.4677725114179145,-0.28467871041242954,-1.0487714504036574,-0.04563709241276728,-0.6071670485288285
323,0.13035834138399038,-0.9815519253138878,-0.3425328694943048,1.5293601163369936,-0.28467871041242954,1.674454481576833,0.11936253102951128,-1.0779113761074426
324,-1.8781050040208223,-0.52220250397464,-0.5419469877610714,-1.3778495402881543,-0.28467871041242954,-0.8172972461853153,-0.2810923867014058,-0.5880106749582511
325,-1.5501926210975876,0.2816589833690437,-1.4820421167329711,0.1508409689177696,-0.28467871041242954,-1.8657392299978044,-0.2949200224542916,-2.221013012122223
326,-1.1403021424435442,-0.7518772146442638,0.13226265018847289,-0.3886968578607918,-0.28467871041242954,0.4490028121856124,-0.2810923867014058,0.881796108126321
327,1.0731064422882903,-0.8667145699790758,-0.05765555768463818,-1.0721114384469697,-0.28467871041242954,-1.5934166367997555,0.06571249892926224,-0.09800529417206197
328,1.2370626337499075,0.5113336940386676,-0.010176005716360419,0.33068691117729004,-0.28467871041242954,0.4530876510835833,0.7209201213125657,-0.7814586441299831
329,0.007391197787777364,-0.0054344049679861586,0.41713996199813946,0.1508409689177696,-0.28467871041242954,-0.6103320753547986,0.11936253102951128,-1.6529166221357563
330,-0.525466424462479,-1.7279947349901654,-0.6748897332722491,-1.1260652211248259,-0.28467871041242954,-0.8145740202533354,-0.04563709241276728,0.9614573118815635
331,-0.03359785007762698,-1.6131573796553536,-0.010176005716360419,-1.287926569158394,-0.28467871041242954,0.10859957068805107,-0.3264062768739846,1.6586236942861823
332,-1.1812911903089485,-0.8667145699790758,-1.339603460828138,-0.9282346846393531,-0.28467871041242954,-1.3210940436017065,-0.5824282119878617,-0.2585838573265192
333,1.6879421602693554,-0.0054344049679861586,-1.2446443568915824,-0.9884830752962926,-0.28467871041242954,-0.9289495093965164,0.49137942689506264,-0.2585838573265192
334,0.2533254849802034,-0.52220250397464,0.7020172738078061,-0.15489713292341567,-0.28467871041242954,0.7213254053836614,0.2761470150252598,0.3918954069771296
335,-1.3862364296359702,-0.407365148639828,-0.05765555768463818,1.2443042978556538,-0.28467871041242954,1.129809295180735,0.11936253102951128,1.3716968092755126
336,1.1140954901536946,-0.1776904379702041,0.9868945856174727,1.8234082319313094,-0.28467871041242954,1.4293641476985892,0.8700197053950274,0.4385825250780995
337,-0.8943678552511182,-2.1299254786620074,-0.15261466162119372,0.519525150549786,-0.28467871041242954,-1.1168520987031696,-0.042184970618187656,0.881796108126321
338,0.4172816764418208,0.16682162803423176,-0.7223692852405269,0.6364250130184753,-0.28467871041242954,-0.2753752857211971,0.24739132715327916,0.22859517326073236
339,0.3271057711379312,0.6261710493734796,0.41713996199813946,-0.029004973341750843,-0.28467871041242954,1.5655254442976139,1.0482475741408908,1.2083965755591153
340,1.3600297773461207,1.7745446027215992,2.078924280887861,1.4097625647344127,-0.28467871041242954,0.857486701982686,0.3152374461618171,-0.08429226172536451
341,-0.8123897595203095,-0.7518772146442638,-0.3425328694943048,0.1508409689177696,-0.28467871041242954,0.6532447570841492,-0.20284812965799467,0.3918954069771296
342,-0.7304116637895008,-2.933786966005691,-0.05765555768463818,-0.2088509156012713,-0.28467871041242954,-0.9874988669340959,-0.2843091826156739,0.0652949395443352
343,1.8109093038655684,1.2577765037149453,0.17974220215675066,1.949300391512974,-0.28467871041242954,1.127086069248755,-0.9684223898601885,-1.0032747949280894
344,0.007391197787777364,-1.0963892806486997,-1.0072465970501936,-1.385043377978535,-0.28467871041242954,-1.0487714504036574,0.4159756018379929,1.2083965755591153
345,-1.0173349988473313,0.10940295036682579,0.3221808580615839,0.31270231695133777,-0.28467871041242954,-0.8649536999949751,-0.6480018615031609,-1.1300418353322925
346,-0.3615102330008617,-0.407365148639828,-0.48497152539913807,-0.6584657712500724,-0.28467871041242954,-1.3592192066494335,0.8058162826356019,0.4385825250780995
347,-1.4272254775013746,-0.46478382630723397,-1.2446443568915824,0.5851689194745113,-0.28467871041242954,-1.1849327470026818,0.06571249892926224,-0.7814586441299831
348,-1.222280238174353,-0.1776904379702041,-0.24757376555774924,-0.9282346846393531,-0.28467871041242954,-1.3210940436017065,-0.8690645223080655,0.0652949395443352
349,0.08936929351858605,-1.2112266359835115,-1.102205700986749,-0.6584657712500724,-0.28467871041242954,-1.3483263029215118,0.6830087316794873,0.3918954069771296
350,0.08117148394550518,0.2816589833690437,-1.2921239088598602,0.36665609962919465,-0.28467871041242954,-0.061602050060729587,0.49137942689506264,-0.7513109086746483
351,0.2533254849802034,-0.407365148639828,-0.15261466162119372,-0.7843579308317372,3.5127319445533716,1.1025770358609297,-3.2514667194758315,0.08999933387579016
352,-0.8533788073857138,-0.1776904379702041,-1.5770012206695267,-1.4857571056438668,-0.28467871041242954,-1.1849327470026818,-0.9805675755328989,-1.478625026534602
353,0.17134738924939474,0.5113336940386676,1.1768127934905837,0.7353402812612111,-0.28467871041242954,-0.5885462678989551,0.7209201213125657,-2.0577127784058256
354,-0.32052118513545735,0.22424030570163775,-1.2446443568915824,-0.11892794447151107,-0.28467871041242954,-0.2535894782653537,-3.2514667194758315,1.6586236942861823
355,-0.32052118513545735,-1.9002507679923835,-1.4820421167329711,0.9601477090856116,-0.28467871041242954,0.5851641087846369,-0.5824282119878617,-0.09800529417206197
356,1.5649750166731424,0.6261710493734796,0.7494968257760839,1.1624743941275721,3.5127319445533716,0.7621737943633684,-3.2514667194758315,0.2642909294769449
357,0.4582707243072251,1.3726138590497572,2.411281144665806,1.6120892497763732,-0.28467871041242954,-0.6103320753547986,-3.2514667194758315,-0.6071670485288285
358,0.2533254849802034,1.2003578260475394,1.2242923454588615,-0.11892794447151107,-0.28467871041242954,0.5851641087846369,-0.04563709241276728,-0.6071670485288285
359,-1.3862364296359702,-1.9002507679923835,-0.6274101813039714,0.9601477090856116,-0.28467871041242954,0.17668021898756334,-3.2514667194758315,0.3918954069771296
360,0.49925977217262946,-0.29252779330501605,-0.35202877988796033,-1.1980035980286339,-0.28467871041242954,1.8106157781758576,0.9767719633319382,-1.5678120772566342
361,-0.2385430894046487,-1.5557387019879476,-1.8618785324791933,-1.3778495402881543,-0.28467871041242954,-0.8309133758452188,-0.6003707270446152,0.22859517326073236
362,0.007391197787777364,0.16682162803423176,-0.24757376555774924,1.6255776954458379,-0.28467871041242954,2.0420899823941996,0.06571249892926224,0.22859517326073236
363,1.3600297773461207,-0.9815519253138878,1.0818536895540283,0.1508409689177696,3.5127319445533716,0.10859957068805107,-0.36468039210161035,1.4843320986850275
364,-2.1650283390786527,-1.0389706029812937,0.08478309822019511,-0.13691253869746337,-0.28467871041242954,-0.8989940241447312,0.24739132715327916,1.3100405030838729
365,-0.5664554723278834,-0.6370398593094518,-0.9217834035072935,-0.8086371330367722,-0.28467871041242954,-0.436045615708047,-0.4999629424467948,-1.404511843540237
366,0.8271721550958642,-0.06285308263539213,-0.4469878838245159,1.4457317531863174,-0.28467871041242954,1.088960906201028,0.19869036240979518,-0.9554362008201448
367,0.4172816764418208,0.16682162803423176,1.1768127934905837,1.1993428122907737,-0.28467871041242954,1.1025770358609297,0.06571249892926224,0.22859517326073236
368,0.6222269157688425,0.10940295036682579,-1.0072465970501936,-1.0181576557691134,-0.28467871041242954,1.1161931655208333,0.3318989558447083,0.08999933387579016
369,-0.2385430894046487,1.4874512143845693,1.6516083131733614,0.06091799778800939,-0.28467871041242954,-1.3210940436017065,-0.6480018615031609,0.4385825250780995
370,0.13035834138399038,-0.46478382630723397,-0.24757376555774924,0.7982863610520435,-0.28467871041242954,-0.08202624455058403,0.510705318942076,1.4843320986850275
371,-1.09931309457814,-1.4983200243205415,-1.2446443568915824,-0.8383117135095929,-0.28467871041242954,0.17668021898756334,-0.5824282119878617,-1.1300418353322925
372,-2.1650283390786527,-2.531856222333849,-1.2446443568915824,-1.287926569158394,-0.28467871041242954,-1.0487714504036574,-0.3264062768739846,-0.2585838573265192
373,-0.6484335680586921,0.6146873138399984,0.41713996199813946,0.24076394004752985,-0.28467871041242954,0.5851641087846369,-0.04563709241276728,0.6128741206792542
374,0.17134738924939474,0.3390776610364497,-0.010176005716360419,-1.0900960326729212,-0.28467871041242954,0.4490028121856124,-3.2514667194758315,-0.2585838573265192
375,0.8681612029612685,1.4874512143845693,0.512099065934695,-0.8203271192836405,-0.28467871041242954,-0.6811359495862908,0.5558042192353597,-0.6071670485288285
376,0.4582707243072251,0.22424030570163775,1.5566492092368058,-0.3886968578607918,-0.28467871041242954,0.857486701982686,1.0421663576734865,0.4385825250780995
377,0.8271721550958642,0.8558457600431035,0.03730354625191735,-0.08295875601960646,-0.28467871041242954,0.09498344102814939,0.49137942689506264,-1.2412116098238397
378,-1.5092035732321833,-1.0389706029812937,-1.102205700986749,-1.287926569158394,-0.28467871041242954,0.7213254053836614,-0.9225747155667424,-0.2585838573265192
379,0.007391197787777364,0.5113336940386676,1.319251449395417,-1.0181576557691134,-0.28467871041242954,0.1194924744159728,0.6830087316794873,-0.9557502397311378
380,0.49925977217262946,-0.06285308263539213,-0.010176005716360419,1.2748781080397724,-0.28467871041242954,0.17668021898756334,0.540077028475001,-4.615873747355386
381,-0.5664554723278834,-0.1776904379702041,0.03730354625191735,-0.11892794447151107,-0.28467871041242954,-0.23180367080951023,0.06571249892926224,0.881796108126321
382,-0.5664554723278834,0.22424030570163775,0.6545377218395283,0.33068691117729004,-0.28467871041242954,1.3068189807594666,0.06571249892926224,-0.9557502397311378
383,0.6632159636342468,0.2816589833690437,0.03730354625191735,1.8054236377053583,-0.28467871041242954,0.6015034643765205,-0.8267353804562908,-0.2613055278884591
384,-0.6484335680586921,-0.9815519253138878,-0.24757376555774924,-0.5685428001203122,-0.28467871041242954,-1.72957793339878,-0.04563709241276728,-0.09800529417206197
385,0.4582707243072251,0.7410084047082915,-1.339603460828138,-1.620641562338507,-0.28467871041242954,1.361283499399077,0.8700197053950274,-0.4328754529276738
386,0.49925977217262946,-0.12027176030279811,1.8415265210464724,-0.018214216806179205,-0.28467871041242954,-0.9126101538046328,0.6716885868485246,0.6128741206792542
387,-0.48447737659707474,-0.6944585369768579,-0.010176005716360419,-0.3886968578607918,3.5127319445533716,0.21072054313731947,0.40229010692609724,-0.9557502397311378
388,0.8681612029612685,-0.8667145699790758,-1.5770012206695267,-2.2231254689079,-0.28467871041242954,-1.4055140474931012,0.5938191828711853,-0.7814586441299831
389,-0.5664554723278834,-0.06285308263539213,-0.24757376555774924,1.4097625647344127,-0.28467871041242954,0.6246508847983548,0.9109356587761167,0.5178250102853512
390,-1.3042583339051617,-0.407365148639828,2.411281144665806,0.24076394004752985,-0.28467871041242954,-2.274223119794878,-0.5659266569367923,-3.4050443862031
391,-0.4024992808662661,-0.7518772146442638,-0.05765555768463818,-2.0073103381964756,-0.28467871041242954,0.5170834604851247,0.9925869370038352,0.7184958744099239
392,0.49925977217262946,-0.06285308263539213,-0.15261466162119372,-1.3436788112588451,-0.28467871041242954,-0.9943069317640468,0.6716885868485246,1.0450963418427182
393,-1.3042583339051617,-2.2447628339968193,0.17974220215675066,-1.1080806268988737,-0.28467871041242954,-0.09564237421048571,-1.0067899775904827,-0.4328754529276738
394,0.7451940593650556,1.0281017930453213,-1.2446443568915824,0.5285174476627629,-0.28467871041242954,0.7267718572476233,1.0421663576734865,0.08999933387579016
395,0.5812378679034381,0.5113336940386676,0.7494968257760839,0.00696421511015376,-0.28467871041242954,-0.5722069123070715,0.510705318942076,-0.6071670485288285
396,0.6632159636342468,1.2003578260475394,1.3667310013636949,0.8162709552779958,-0.28467871041242954,0.6641376608120709,0.8486603154904683,0.7184958744099239
397,1.1140954901536946,1.3726138590497572,0.41713996199813946,0.5465020418887151,-0.28467871041242954,-0.4074517434222527,0.9616709237895092,-0.08429226172536451
398,-0.2385430894046487,-1.0389706029812937,-0.3425328694943048,-1.4677725114179145,-0.28467871041242954,-1.3905363048672086,0.510705318942076,-0.2585838573265192
399,-0.15656499367384,1.5448698920519752,-1.0072465970501936,-2.6367711361047976,-0.28467871041242954,0.040518922388538804,0.42301421063446587,-0.710485850245549
400,0.49925977217262946,0.10940295036682579,-0.48497152539913807,0.7083633899222833,-0.28467871041242954,0.09498344102814939,0.24739132715327916,0.7871657162804088
401,0.2533254849802034,0.05198427269941982,0.5026031555410394,0.3846406938551457,-0.28467871041242954,-0.06841011489068043,-0.6003707270446152,0.881796108126321
402,0.8271721550958642,-0.06285308263539213,0.03730354625191735,0.07530567316877071,-0.28467871041242954,0.7213254053836614,0.06571249892926224,-0.09800529417206197
403,0.17134738924939474,1.2003578260475394,0.2272217541250284,-0.6764503654760248,-0.28467871041242954,0.8030221833430754,0.06571249892926224,-0.09800529417206197
404,-1.4272254775013746,0.10940295036682579,0.7494968257760839,-0.6764503654760248,-0.28467871041242954,0.19301957457944688,0.9616709237895092,-0.08429226172536451
405,-0.07458689794303132,-0.6370398593094518,-0.7223692852405269,0.27673312849943443,-0.28467871041242954,0.08136731136824578,0.8058162826356019,0.0652949395443352
406,0.007391197787777364,1.659707247386787,-0.15261466162119372,-1.287926569158394,-0.28467871041242954,-0.6402875606065838,0.5558042192353597,-0.7814586441299831
407,1.6879421602693554,0.2816589833690437,-0.48497152539913807,0.1868101573696742,-0.28467871041242954,0.1290237651779055,-0.5707718051884615,0.2642909294769449
408,-1.6731597646938006,-0.46478382630723397,-1.2446443568915824,0.024948809336104785,-0.28467871041242954,-0.38430432300041834,0.24739132715327916,-0.4328754529276738
409,-0.11557594580843567,-0.34994647097242204,-0.6748897332722491,-1.8094798017110032,-0.28467871041242954,-0.6498188513685146,-0.4491826106675667,0.2642909294769449
410,1.1550845380190988,0.2816589833690437,0.6070581698712505,0.7443325783741866,-0.28467871041242954,0.7213254053836614,0.445523419370587,0.2694202316898316
411,-1.7961269082900138,-2.646693577668661,-1.0072465970501936,-1.7375414248071952,-0.28467871041242954,-1.5934166367997555,-3.2514667194758315,0.9614573118815635
412,0.007391197787777364,-0.06285308263539213,-0.3425328694943048,-0.8562963077355452,-0.28467871041242954,-0.29443786724506066,0.11936253102951128,0.2642909294769449
413,-0.9763459509819269,-2.818949610670879,-1.4820421167329711,-0.7034272568149526,-0.28467871041242954,-0.6811359495862908,-0.9684223898601885,-0.09800529417206197
414,-1.6321707168283963,-0.9815519253138878,-1.2921239088598602,0.2911208038801958,-0.28467871041242954,0.040518922388538804,-0.2843091826156739,-0.2613055278884591
415,-0.9763459509819269,-1.4409013466531355,-0.6274101813039714,-1.084700654405136,-0.28467871041242954,-1.8180827761881457,-0.5659266569367923,1.0450963418427182
416,0.9911283465574816,1.4300325367171631,1.746567417109917,-0.6404811770241201,-0.28467871041242954,-0.5994391716268769,0.7209201213125657,-0.4328754529276738
417,-0.5664554723278834,-0.29252779330501605,-0.35202877988796033,0.1211663884449489,-0.28467871041242954,-0.6852207884842617,0.49137942689506264,0.0652949395443352
418,-0.8123897595203095,0.7984270823756975,-0.3425328694943048,0.1508409689177696,-0.28467871041242954,0.31284151558658785,-0.3264062768739846,-0.2585838573265192
419,0.3353035807110121,-3.048624321340503,-0.5324510773674158,-0.190866321375319,-0.28467871041242954,-1.1849327470026818,0.40229010692609724,-0.2613055278884591
420,-0.8123897595203095,-2.015088123327195,0.13226265018847289,0.40981912577147867,-0.28467871041242954,-1.5008269551124187,1.029726331658705,-0.9146111423910455
421,0.2533254849802034,0.7984270823756975,-0.010176005716360419,1.1040244628932274,-0.28467871041242954,1.8923125561352716,0.8112122261699296,0.2642909294769449
422,0.7451940593650556,0.22424030570163775,0.8919354816809172,0.5554943390016907,3.5127319445533716,-0.35434883774863307,0.3050646772029058,0.4385825250780995
423,1.3190407294807163,1.0855204707127273,0.7969763777443616,0.33068691117729004,-0.28467871041242954,0.857486701982686,0.8112122261699296,0.3918954069771296
424,-1.8781050040208223,-0.1776904379702041,-0.15261466162119372,-1.647618453677435,-0.28467871041242954,-0.42787593791210526,-3.2514667194758315,-1.2412116098238397
425,-0.07458689794303132,-1.0389706029812937,-0.24757376555774924,-0.7070241756601435,-0.28467871041242954,-1.5934166367997555,1.0153610342421906,0.4385825250780995
426,0.4172816764418208,-0.8667145699790758,-1.6719603246060823,0.4880521106543705,-0.28467871041242954,0.9936479985817105,-3.2514667194758315,-3.6908197952067954
427,0.2533254849802034,0.3964963387038557,1.319251449395417,0.690378795696331,3.5127319445533716,0.9800318689218088,0.10668728368716573,-1.8272082177369111
428,-0.8123897595203095,-0.34994647097242204,-1.6719603246060823,1.5293601163369936,-0.28467871041242954,-0.23180367080951023,-1.029287042445585,-0.6071670485288285
429,0.9911283465574816,2.1075729331925537,-0.4374919734308603,0.5105328534368105,-0.28467871041242954,0.857486701982686,1.0058665841794212,-0.8329610255328469
430,0.6632159636342468,-0.8667145699790758,0.3221808580615839,1.2299166224748923,-0.28467871041242954,1.7289190002164436,-0.6003707270446152,0.3918954069771296
431,0.7451940593650556,0.6261710493734796,-0.15261466162119372,0.47456366498490593,-0.28467871041242954,-0.9398424131244382,-0.20177178243794452,0.7871657162804088
432,-0.8123897595203095,-0.29252779330501605,0.3221808580615839,0.5465020418887151,-0.28467871041242954,-1.103235969043267,-0.9684223898601885,-0.2613055278884591
433,-0.4024992808662661,0.45391501637126164,-0.3425328694943048,-1.287926569158394,-0.28467871041242954,0.040518922388538804,-0.8533925749205359,-0.9557502397311378
434,1.2370626337499075,2.061637991058629,-0.5799306293356936,0.8342555495039469,-0.28467871041242954,1.5246770553179068,-0.030867974626847223,1.1357489074827183
435,0.49925977217262946,-0.407365148639828,1.3667310013636949,-1.287926569158394,-0.28467871041242954,-1.0079230614239505,0.0388360700610988,-2.0577127784058256
436,1.8518983517309728,1.6022885697193812,2.411281144665806,0.6184404187925231,3.5127319445533716,0.17668021898756334,1.058652091468494,0.8090437604129261
437,0.007391197787777364,0.10940295036682579,-1.1496852529550268,-1.1080806268988737,-0.28467871041242954,-1.261183073098136,0.2761470150252598,-1.478625026534602
438,2.0568435910579943,0.3964963387038557,-0.24757376555774924,-0.5685428001203122,-0.28467871041242954,-0.36796496740853474,-0.36468039210161035,-1.8272082177369111
439,-0.07458689794303132,-0.1776904379702041,0.41713996199813946,-0.5055967203294798,-0.28467871041242954,-0.6402875606065838,-0.6003707270446152,0.7184958744099239
440,-0.32052118513545735,-0.8667145699790758,-1.1971648049233046,0.6454173101314509,-0.28467871041242954,0.013286663068733516,0.06571249892926224,0.5143705822644274
441,-2.04206119548244,-1.2686453136509177,0.08478309822019511,-2.2770792515857567,-0.28467871041242954,-1.3210940436017065,-0.6277473250123955,-0.7513109086746483
442,-0.6074445201932878,0.45391501637126164,1.319251449395417,0.5105328534368105,-0.28467871041242954,-0.3284781913948168,-0.18104145674279848,-1.1300418353322925
443,0.37629262857641643,0.3390776610364497,0.08478309822019511,1.0500706802153719,-0.28467871041242954,-1.0800885486214327,0.8700197053950274,-0.6071670485288285
444,0.13035834138399038,0.5113336940386676,0.7494968257760839,0.7083633899222833,-0.28467871041242954,0.4490028121856124,0.5335979466961869,0.4385825250780995
445,-0.525466424462479,-0.06285308263539213,0.41713996199813946,1.3737933762825083,-0.28467871041242954,-0.8921859593147784,0.8700197053950274,1.1357489074827183
446,-1.1403021424435442,-1.4409013466531355,0.6070581698712505,0.5105328534368105,-0.28467871041242954,-1.026985642947814,-0.20177178243794452,-0.4247104412418539
447,0.9091502508266729,1.0855204707127273,-0.05765555768463818,0.09688718623991399,3.5127319445533716,0.3264576452464895,0.8700197053950274,-1.3043334309334471
448,-1.09931309457814,-1.8428320903249773,0.3221808580615839,-1.449787917191962,-0.28467871041242954,-1.1577004876828767,-0.4491826106675667,0.2642909294769449
449,-1.0173349988473313,-0.34994647097242204,-0.10513510965291595,-0.9282346846393531,-0.28467871041242954,-0.5041262640075593,0.19869036240979518,0.2642909294769449
450,-0.7304116637895008,0.6261710493734796,0.13226265018847289,-1.3778495402881543,-0.28467871041242954,-0.6402875606065838,0.19869036240979518,-0.4247104412418539
451,0.6632159636342468,-0.407365148639828,-1.102205700986749,0.12026715873365083,-0.28467871041242954,0.7226870183496523,0.6830087316794873,0.0652949395443352
452,-0.5664554723278834,-0.06285308263539213,-0.8173283891770824,-1.9623488526315958,-0.28467871041242954,0.14944795966775803,0.7693005727441258,-0.7814586441299831
453,-0.6894226159240965,0.22424030570163775,-0.10513510965291595,-0.37610764190262524,-0.28467871041242954,0.5851641087846369,0.510705318942076,-0.4328754529276738
454,0.37629262857641643,1.4874512143845693,1.0818536895540283,0.690378795696331,-0.28467871041242954,1.2659705917797595,0.7209201213125657,0.2642909294769449
455,1.1140954901536946,0.3964963387038557,1.0818536895540283,-1.0721114384469697,-0.28467871041242954,0.35368990456629484,0.6716885868485246,0.2642909294769449
456,-0.9353569031165225,-0.34994647097242204,-1.4820421167329711,-1.697975317510101,-0.28467871041242954,-0.6402875606065838,-0.04563709241276728,0.6128741206792542
457,0.2533254849802034,-1.7854134126575714,0.13226265018847289,1.0500706802153719,-0.28467871041242954,0.3809221638861001,-0.6003707270446152,-0.2613055278884591
458,-0.11557594580843567,0.10940295036682579,-0.4374919734308603,-1.1980035980286339,-0.28467871041242954,0.4490028121856124,0.9581040154658002,0.08999933387579016
459,-0.3615102330008617,0.6835897270408855,-0.010176005716360419,0.6454173101314509,-0.28467871041242954,0.857486701982686,0.7109417685616937,-0.6071670485288285
460,0.4582707243072251,0.22424030570163775,1.319251449395417,0.33068691117729004,-0.28467871041242954,0.5851641087846369,-0.8533925749205359,0.7871657162804088
461,0.007391197787777364,-0.29252779330501605,-0.3425328694943048,-1.1440498153507774,-0.28467871041242954,0.3482434527023349,0.6830087316794873,-0.6071670485288285
462,0.007391197787777364,1.659707247386787,0.512099065934695,-1.2699419749324417,-0.28467871041242954,-0.29443786724506066,0.42301421063446587,0.22859517326073236
463,-0.2385430894046487,-1.4409013466531355,-1.0072465970501936,-1.4318033229660105,-0.28467871041242954,-2.001900526596829,-0.6003707270446152,0.5551956406935268
464,-0.525466424462479,-0.5796211816420459,-0.7698488372088047,-1.0181576557691134,-0.28467871041242954,1.5382931849778085,-0.5824282119878617,-0.4328754529276738
465,1.1550845380190988,0.7410084047082915,1.2242923454588615,1.1759628397970368,-0.28467871041242954,2.49142226117098,1.055251349535289,-0.2585838573265192
466,-0.3615102330008617,-0.7518772146442638,-0.48497152539913807,-0.9282346846393531,-0.28467871041242954,-0.36796496740853474,-0.9225747155667424,1.3100405030838729
467,-0.48447737659707474,-0.5796211816420459,0.08478309822019511,-0.9821884673172094,-0.28467871041242954,-0.46600110095983227,-0.9684223898601885,-0.4328754529276738
468,-0.11557594580843567,-0.9241332476464817,0.2272217541250284,-0.08295875601960646,-0.28467871041242954,-1.3483263029215118,0.8700197053950274,1.6586236942861823
469,0.4582707243072251,-1.1538079583161056,-1.102205700986749,-0.6764503654760248,-0.28467871041242954,0.6940931460638561,-0.5824282119878617,1.6586236942861823
470,-1.4272254775013746,-0.7518772146442638,-1.6719603246060823,-1.0541268442210172,-0.28467871041242954,0.44219474735566155,-3.2514667194758315,-1.6529166221357563
471,1.9338764474617813,1.4874512143845693,2.078924280887861,1.068055274441324,-0.28467871041242954,1.3204351104193701,-0.36468039210161035,0.9614573118815635
472,-0.4926751861701556,0.8558457600431035,-0.6274101813039714,0.9241785206337071,-0.28467871041242954,1.6608383519169314,0.49137942689506264,0.7184958744099239
473,0.7451940593650556,0.3964963387038557,-0.7223692852405269,0.6004558245665708,-0.28467871041242954,0.5892489476826078,0.40229010692609724,0.024469881115235903
474,-1.6321707168283963,-0.8667145699790758,-1.1971648049233046,-2.1871562804559965,-0.28467871041242954,-1.4572553402007309,-0.2810923867014058,0.7184958744099239
475,0.6632159636342468,0.16682162803423176,-0.7223692852405269,0.8162709552779958,-0.28467871041242954,0.2175286079672703,0.19869036240979518,0.881796108126321
476,1.3190407294807163,1.2003578260475394,0.03730354625191735,0.9961168975375163,-0.28467871041242954,2.9816029289274675,0.9761254374245051,0.5551956406935268
477,-0.6484335680586921,0.5113336940386676,0.41713996199813946,-0.4336583434256719,-0.28467871041242954,-0.36796496740853474,-3.2514667194758315,0.6368457575517253
478,-0.32052118513545735,-2.474437544666443,-1.0072465970501936,-0.5685428001203122,-0.28467871041242954,0.31284151558658785,1.0508670850501163,-0.7513109086746483
479,-0.7304116637895008,-0.8667145699790758,0.8919354816809172,-0.9282346846393531,-0.28467871041242954,-0.23180367080951023,0.0388360700610988,0.7184958744099239
480,0.9091502508266729,1.2003578260475394,-0.4374919734308603,-0.2717969953921037,-0.28467871041242954,-0.6402875606065838,0.8818246055819593,-0.7513109086746483
481,0.9501392986920772,1.4300325367171631,0.17974220215675066,1.0500706802153719,-0.28467871041242954,0.3332657100764423,1.0153610342421906,-0.4328754529276738
482,0.2533254849802034,-0.34994647097242204,-0.912287493113638,-0.8383117135095929,-0.28467871041242954,-0.7764488572056083,-3.2514667194758315,0.2642909294769449
483,1.5649750166731424,0.5113336940386676,0.9868945856174727,0.5330135962192506,3.5127319445533716,-0.21546431521762668,0.8686717898209961,0.3918954069771296
484,-1.0583240467127355,-0.6944585369768579,0.8444559297126394,-0.46333292389849257,-0.28467871041242954,-1.5471217959560866,1.054055738141341,-0.7814586441299831
485,-1.222280238174353,-0.7518772146442638,-0.7223692852405269,-1.3778495402881543,-0.28467871041242954,-1.525335988500243,-0.9684223898601885,0.22859517326073236
486,-0.6484335680586921,-1.3260639913183236,-0.7223692852405269,-0.2987738867310315,-0.28467871041242954,-0.6402875606065838,0.6716885868485246,1.5349970429919098
487,0.49925977217262946,0.16682162803423176,0.6070581698712505,1.4915924684624944,-0.28467871041242954,1.5655254442976139,-0.6003707270446152,1.0450963418427182
488,-0.525466424462479,0.3390776610364497,-0.5799306293356936,0.4925482592108582,-0.28467871041242954,0.46942700667546683,-3.2514667194758315,0.08999933387579016
489,-0.2385430894046487,-1.0389706029812937,-0.10513510965291595,-0.9282346846393531,-0.28467871041242954,0.040518922388538804,-0.12298345140778191,0.2642909294769449
490,0.4172816764418208,0.05198427269941982,-1.6719603246060823,-0.5775350972332878,-0.28467871041242954,1.129809295180735,-0.6277473250123955,-0.5880106749582511
491,-1.3042583339051617,-1.1538079583161056,-0.010176005716360419,1.7244929636885735,-0.28467871041242954,-0.43876884164002694,0.9877772181878018,-0.9557502397311378
492,-0.11557594580843567,0.7984270823756975,2.8385971123803055,1.7334852608015492,3.5127319445533716,0.08136731136824578,1.0320197948628507,-1.3043334309334471
493,0.6632159636342468,-0.6944585369768579,-0.48497152539913807,-0.8562963077355452,-0.28467871041242954,-0.6947520792461944,0.3050646772029058,0.08999933387579016
494,0.2533254849802034,0.6261710493734796,0.7969763777443616,-0.13691253869746337,-0.28467871041242954,0.1807650578855342,-0.2843091826156739,0.0652949395443352
495,1.401018825211525,0.8558457600431035,0.31268494766792837,1.0320860859894196,-0.28467871041242954,0.816638313002979,-0.2843091826156739,1.5349970429919098
496,-0.2385430894046487,0.05198427269941982,3.0759948722216945,-0.046989567567703144,-0.28467871041242954,-0.21410270225163766,0.8112122261699296,0.7184958744099239
497,-0.3615102330008617,-0.0054344049679861586,-0.15261466162119372,-0.8383117135095929,-0.28467871041242954,-0.038454629638895184,-0.4999629424467948,0.4385825250780995
498,0.8271721550958642,0.8558457600431035,-1.3870830127964155,-1.3778495402881543,-0.28467871041242954,1.6090970592093008,0.8786947214216981,1.0450963418427182
499,0.9911283465574816,1.659707247386787,0.7494968257760839,1.8773620146091663,-0.28467871041242954,0.6123963681044422,1.0559926838079488,0.6128741206792542
500,0.8681612029612685,-0.407365148639828,-1.4820421167329711,-0.8922654961874485,-0.28467871041242954,-0.13921398912217264,0.19869036240979518,-0.2585838573265192
501,0.8271721550958642,-0.29252779330501605,0.6070581698712505,-0.2088509156012713,3.5127319445533716,0.9882015467177486,-0.6003707270446152,1.8615975104247042
502,0.6222269157688425,-0.29252779330501605,0.9868945856174727,1.8054236377053583,-0.28467871041242954,1.4565964070183945,1.0508670850501163,0.5551956406935268
503,-1.0583240467127355,-2.474437544666443,-0.9217834035072935,-1.4318033229660105,-0.28467871041242954,-2.274223119794878,-0.7380457555545482,-1.4453369019693363
504,1.0731064422882903,-1.2112266359835115,-0.4374919734308603,1.9403080943999986,-0.28467871041242954,0.4067928102399145,0.8686717898209961,-0.7513109086746483
505,-1.0583240467127355,-0.0054344049679861586,-0.010176005716360419,-0.7124195539279281,3.5127319445533716,-0.09564237421048571,-0.20284812965799467,0.2642909294769449
506,-0.48447737659707474,-0.7518772146442638,-1.1971648049233046,-1.3778495402881543,-0.28467871041242954,-0.8908243463487894,0.8686717898209961,-1.0779113761074426
507,0.7451940593650556,-0.9815519253138878,0.6545377218395283,-0.5685428001203122,-0.28467871041242954,0.17668021898756334,0.510705318942076,-0.08429226172536451
508,-0.2385430894046487,-0.34994647097242204,-1.4820421167329711,1.1759628397970368,-0.28467871041242954,1.3871541457528913,0.19869036240979518,0.3918954069771296
509,0.49925977217262946,0.8558457600431035,0.13226265018847289,-1.0181576557691134,-0.28467871041242954,-0.5463362659532572,0.6830087316794873,-0.2613055278884591
510,-1.714148812559205,-0.1776904379702041,-1.3870830127964155,-0.11892794447151107,-0.28467871041242954,-0.06977172785667136,-0.9684223898601885,-0.9146111423910455
511,-0.6894226159240965,-0.46478382630723397,-1.339603460828138,1.382785673395485,-0.28467871041242954,-0.09564237421048571,0.510705318942076,-0.7814586441299831
512,-0.32052118513545735,-0.29252779330501605,0.512099065934695,-0.5082944094633727,-0.28467871041242954,0.08136731136824578,0.7693005727441258,0.14694505640253377
513,0.8271721550958642,-0.7518772146442638,2.126403832856139,0.690378795696331,-0.28467871041242954,0.7894060536831736,-3.2514667194758315,1.3716968092755126
514,-1.5501926210975876,-0.8667145699790758,0.13226265018847289,-0.8383117135095929,-0.28467871041242954,-1.0487714504036574,-0.12298345140778191,-0.09800529417206197
515,-1.3042583339051617,-0.1776904379702041,0.6545377218395283,0.3846406938551457,-0.28467871041242954,0.775789924023272,-0.030867974626847223,1.4843320986850275
516,0.2533254849802034,-0.5796211816420459,0.08478309822019511,2.075192551094639,-0.28467871041242954,0.4490028121856124,-0.36468039210161035,0.2642909294769449
517,-1.4272254775013746,-0.6944585369768579,-1.339603460828138,-1.0181576557691134,-0.28467871041242954,-0.6402875606065838,-1.0041510882899694,-0.6071670485288285
518,-0.15656499367384,-0.6370398593094518,-0.6748897332722491,0.024948809336104785,-0.28467871041242954,1.0222418708675047,-0.3264062768739846,-4.615873747355386
519,-0.32052118513545735,-0.52220250397464,-1.0072465970501936,-1.0541268442210172,-0.28467871041242954,0.619204432934393,0.40229010692609724,0.0652949395443352
520,-0.9763459509819269,-1.4409013466531355,-0.9217834035072935,-2.1871562804559965,-0.28467871041242954,-1.5934166367997555,-0.042184970618187656,-1.404511843540237
521,1.1140954901536946,-0.1776904379702041,0.9868945856174727,1.544647021429053,3.5127319445533716,0.47623507150541766,-0.6003707270446152,1.2492216339882147
522,0.7451940593650556,0.8558457600431035,0.13226265018847289,0.1724224819889116,-0.28467871041242954,-0.0806646315845931,-0.20284812965799467,-0.7513109086746483
523,0.2533254849802034,-1.1538079583161056,-0.7698488372088047,-1.2501589212838946,-0.28467871041242954,-0.5354433622253355,-0.54366847566135,-1.3043334309334471
524,-1.7961269082900138,-0.6370398593094518,-0.6748897332722491,-1.0900960326729212,-0.28467871041242954,0.7213254053836614,0.9616709237895092,-0.7814586441299831
525,-0.6894226159240965,-1.0389706029812937,-1.9093580844474711,-0.7483887423798327,-0.28467871041242954,0.4136008750698653,-0.37028945956139414,-0.4247104412418539
526,0.6222269157688425,-0.06285308263539213,1.509169657268528,1.21193202824894,3.5127319445533716,0.6260124977643439,0.6830087316794873,0.2642909294769449
527,-0.32052118513545735,0.7410084047082915,-0.15261466162119372,-0.15489713292341567,-0.28467871041242954,0.857486701982686,0.7693005727441258,0.3918954069771296
528,2.9176135962314858,1.6022885697193812,0.7494968257760839,0.6184404187925231,3.5127319445533716,-0.004414305489139053,0.24739132715327916,0.9614573118815635
529,0.007391197787777364,0.16682162803423176,0.03730354625191735,0.8342555495039469,-0.28467871041242954,0.17668021898756334,0.2761470150252598,0.881796108126321
530,2.0568435910579943,0.6835897270408855,2.31632204072925,-0.478619828990552,3.5127319445533716,0.040518922388538804,0.5938191828711853,1.1357489074827183
531,-1.3862364296359702,-0.52220250397464,-0.10513510965291595,-0.7124195539279281,3.5127319445533716,-0.8826546685528476,-0.5824282119878617,0.9614573118815635
532,1.3600297773461207,1.659707247386787,1.4142105533319727,1.2299166224748923,-0.28467871041242954,0.4435563603216505,1.0527867382532736,-0.08429226172536451
533,-1.3042583339051617,-0.52220250397464,0.3221808580615839,-1.1836159226478724,-0.28467871041242954,-1.3918979178331996,-1.0067899775904827,0.2642909294769449
534,-0.7304116637895008,0.3964963387038557,-0.8173283891770824,-0.5082944094633727,-0.28467871041242954,-2.089043756420205,0.445523419370587,1.8615975104247042
535,-1.5501926210975876,-0.8667145699790758,-1.7669194285426377,0.06091799778800939,-0.28467871041242954,-0.38158109706843646,-0.9344536478559335,0.3918954069771296
536,1.6879421602693554,0.9132644377105095,0.41713996199813946,0.024948809336104785,-0.28467871041242954,-0.11606656870034017,0.8486603154904683,-0.7814586441299831
537,-0.8943678552511182,0.6261710493734796,0.7494968257760839,1.8503851232702384,-0.28467871041242954,0.4490028121856124,-0.7829893500002993,-0.4328754529276738
538,1.2370626337499075,-0.5796211816420459,0.3221808580615839,-1.647618453677435,-0.28467871041242954,0.4490028121856124,0.49137942689506264,-0.2585838573265192
539,-1.222280238174353,-1.3260639913183236,-0.6274101813039714,0.33068691117729004,-0.28467871041242954,-0.5041262640075593,-0.2843091826156739,0.22859517326073236
540,-0.525466424462479,-0.52220250397464,-1.4345625647646933,-0.10094335024555877,-0.28467871041242954,-0.36796496740853474,-0.6773783120791429,-6.010206512164623
541,-0.2385430894046487,-0.7518772146442638,-0.24757376555774924,-0.3886968578607918,-0.28467871041242954,0.9936479985817105,0.7693005727441258,0.9614573118815635
542,-1.0583240467127355,-0.8667145699790758,0.17974220215675066,-1.323895757610298,-0.28467871041242954,-1.3878130789352288,0.10668728368716573,-0.2585838573265192
543,-0.9763459509819269,0.9706831153779154,-1.4820421167329711,0.24076394004752985,-0.28467871041242954,0.47623507150541766,-0.685173310596669,-0.09800529417206197
544,-0.4024992808662661,0.6261710493734796,-0.10513510965291595,1.0141014917634672,-0.28467871041242954,2.5050383908308818,1.054055738141341,0.4385825250780995
545,0.9911283465574816,0.6835897270408855,1.1768127934905837,0.8342555495039469,-0.28467871041242954,-0.04662430743483696,0.9616709237895092,0.08999933387579016
546,-1.3042583339051617,-0.7518772146442638,-1.0072465970501936,0.3576638025162179,-0.28467871041242954,-0.6579885291644564,-3.2514667194758315,1.3100405030838729
547,-1.5092035732321833,0.9132644377105095,1.2242923454588615,-0.475022910145361,-0.28467871041242954,0.6763921775059836,1.026036029363299,0.08999933387579016
548,0.5812378679034381,0.5113336940386676,-0.24757376555774924,0.5465020418887151,3.5127319445533716,1.2251222028000526,0.6830087316794873,-1.404511843540237
549,0.7451940593650556,0.8558457600431035,-0.24757376555774924,0.00696421511015376,3.5127319445533716,-1.1849327470026818,-0.04563709241276728,-0.2585838573265192
550,1.5649750166731424,0.10940295036682579,1.746567417109917,0.07890259201396169,3.5127319445533716,-0.5449746529872662,-0.8267353804562908,0.7871657162804088
551,-1.0583240467127355,0.5113336940386676,-0.3425328694943048,-0.9282346846393531,-0.28467871041242954,0.9936479985817105,-0.12298345140778191,-1.0779113761074426
552,0.08936929351858605,1.4300325367171631,0.9868945856174727,1.0500706802153719,-0.28467871041242954,1.5382931849778085,0.510705318942076,-0.08429226172536451
553,-0.15656499367384,0.16682162803423176,-1.8618785324791933,-0.7483887423798327,-0.28467871041242954,0.857486701982686,0.445523419370587,0.14694505640253377
554,-0.7304116637895008,-1.6705760573227595,-0.7223692852405269,-1.1080806268988737,-0.28467871041242954,-0.09564237421048571,0.19869036240979518,0.22859517326073236
555,0.49925977217262946,0.5113336940386676,1.0818536895540283,0.4925482592108582,-0.28467871041242954,2.0502596601901413,0.8112122261699296,0.7184958744099239
556,-0.6074445201932878,-1.1538079583161056,0.08478309822019511,1.0500706802153719,-0.28467871041242954,0.040518922388538804,-1.055216309239643,-1.6529166221357563
557,1.8109093038655684,0.9706831153779154,1.4142105533319727,1.5626316156550055,-0.28467871041242954,1.0957689710309788,0.40229010692609724,0.7871657162804088
558,0.4172816764418208,-1.5557387019879476,0.2272217541250284,-0.6404811770241201,-0.28467871041242954,-1.5825237330718338,0.2761470150252598,0.024469881115235903
559,0.7451940593650556,0.22424030570163775,0.8444559297126394,1.0051091946504918,-0.28467871041242954,0.4544492640495742,0.7209201213125657,-0.6071670485288285
560,0.6222269157688425,0.6261710493734796,0.8444559297126394,0.5105328534368105,-0.28467871041242954,0.17668021898756334,0.5938191828711853,0.4385825250780995
561,1.5649750166731424,-0.9815519253138878,0.3221808580615839,-1.2699419749324417,-0.28467871041242954,0.9636925133299252,0.8818246055819593,0.6128741206792542
562,2.3027778782504207,1.3726138590497572,1.6516083131733614,0.402625288081098,3.5127319445533716,-0.0765797926866222,-0.2843091826156739,-0.6071670485288285
563,0.6222269157688425,0.9706831153779154,0.9868945856174727,-0.029004973341750843,-0.28467871041242954,-0.6402875606065838,0.42301421063446587,1.1357489074827183
564,2.4257450218466334,-0.06285308263539213,0.512099065934695,-0.029004973341750843,-0.28467871041242954,0.620566045900384,0.7228077305497786,0.7184958744099239
565,-1.0173349988473313,-0.46478382630723397,0.2272217541250284,-1.276236582911525,-0.28467871041242954,-0.5626756215451407,0.5938191828711853,-0.08429226172536451
566,-1.3862364296359702,-1.0389706029812937,0.2272217541250284,-1.287926569158394,-0.28467871041242954,-0.672966271790349,0.7209201213125657,0.6128741206792542
567,1.8109093038655684,1.6022885697193812,-0.15261466162119372,1.7604621521404782,-0.28467871041242954,0.21889022093326124,0.9109356587761167,0.881796108126321
568,0.08936929351858605,-0.1776904379702041,-0.24757376555774924,-0.5865273943462646,-0.28467871041242954,0.857486701982686,0.8818246055819593,-0.4328754529276738
569,-0.41069709043934693,0.3964963387038557,0.3221808580615839,-1.0361422499950657,-0.28467871041242954,-0.23180367080951023,-0.43020033804458135,0.881796108126321
570,0.6632159636342468,0.05198427269941982,-0.3425328694943048,0.8702247379558514,-0.28467871041242954,0.26654667474291904,0.9362630991303704,0.5551956406935268
571,1.5649750166731424,1.659707247386787,2.411281144665806,-0.478619828990552,-0.28467871041242954,-0.4060901304562618,0.9581040154658002,-0.7814586441299831
572,-3.025798344252144,-1.7279947349901654,-1.5770012206695267,0.9151862235207315,-0.28467871041242954,-0.5476978789192462,0.11936253102951128,1.4843320986850275
573,-0.2385430894046487,-0.06285308263539213,0.41713996199813946,1.3198395936046525,-0.28467871041242954,0.31284151558658785,0.19869036240979518,0.5143705822644274
574,0.8681612029612685,2.061637991058629,2.6486789045071943,0.8252632523909713,-0.28467871041242954,0.7213254053836614,-0.2756145659226323,-1.1300418353322925
575,-1.4682145253667789,-1.3260639913183236,0.3221808580615839,-1.1980035980286339,-0.28467871041242954,-1.5934166367997555,-0.35707187585951616,-0.4247104412418539
576,0.9911283465574816,0.3964963387038557,1.4142105533319727,0.5105328534368105,-0.28467871041242954,-0.2290804448775303,-3.2514667194758315,0.4385825250780995
577,0.4172816764418208,0.9706831153779154,-0.3425328694943048,0.6004558245665708,-0.28467871041242954,1.402131888378784,0.2761470150252598,-0.09800529417206197
578,-1.5501926210975876,0.3964963387038557,-0.24757376555774924,0.6382234724410702,-0.28467871041242954,-0.8567840221990333,0.06571249892926224,1.0450963418427182
579,0.007391197787777364,0.5113336940386676,1.0818536895540283,-0.5685428001203122,-0.28467871041242954,-1.5934166367997555,-0.8267353804562908,0.0652949395443352
580,-0.2385430894046487,0.22424030570163775,-0.24757376555774924,-0.8922654961874485,-0.28467871041242954,-0.09291914827850577,-0.04563709241276728,0.2642909294769449
581,0.5812378679034381,-0.1776904379702041,0.03730354625191735,-1.2870273394470966,-0.28467871041242954,-0.024838499978993504,1.0058665841794212,-0.4247104412418539
582,-0.2385430894046487,0.9706831153779154,0.17974220215675066,0.402625288081098,3.5127319445533716,0.4490028121856124,0.6716885868485246,-0.7814586441299831
583,1.2370626337499075,-0.06285308263539213,-0.010176005716360419,1.4097625647344127,-0.28467871041242954,0.19574280051142684,1.0421663576734865,0.08999933387579016
584,-0.5664554723278834,-0.34994647097242204,-1.1496852529550268,-1.0181576557691134,-0.28467871041242954,-0.9126101538046328,-0.6003707270446152,-6.184498107765778
585,1.2370626337499075,1.0281017930453213,0.8919354816809172,0.690378795696331,3.5127319445533716,0.040518922388538804,0.7372094369499629,1.3100405030838729
586,0.49925977217262946,0.6261710493734796,0.6545377218395283,0.4206098823070503,-0.28467871041242954,-1.1685933914107993,0.510705318942076,0.2642909294769449
587,-1.222280238174353,-0.9815519253138878,0.2272217541250284,-0.9282346846393531,-0.28467871041242954,-1.72957793339878,-0.6277473250123955,0.22859517326073236
588,1.5649750166731424,-0.7518772146442638,-0.912287493113638,1.5266624272031009,3.5127319445533716,0.8847189613024913,0.5335979466961869,-0.09800529417206197
589,-0.3615102330008617,0.2816589833690437,-0.3425328694943048,-1.449787917191962,-0.28467871041242954,-0.6811359495862908,0.7693005727441258,-0.08429226172536451
590,-0.03359785007762698,-0.46478382630723397,0.41713996199813946,0.22547703495547045,-0.28467871041242954,1.4702125366782963,-0.8471754252960774,0.08999933387579016
591,-0.15656499367384,-0.52220250397464,0.5026031555410394,1.139993651345132,-0.28467871041242954,0.5851641087846369,-0.2810923867014058,0.881796108126321
592,0.7451940593650556,1.889381958056411,0.9868945856174727,1.0860398686672765,3.5127319445533716,0.5851641087846369,0.8818246055819593,0.9614573118815635
593,-0.48447737659707474,-2.1299254786620074,0.7969763777443616,-0.694434959701977,-0.28467871041242954,-1.1849327470026818,0.02577194318151665,-0.34295564474665774
594,-0.2385430894046487,1.4300325367171631,-0.7223692852405269,0.3486715054032424,-0.28467871041242954,-0.25903593012931553,-0.6003707270446152,-0.22048046945935984
595,-0.11557594580843567,1.0855204707127273,-0.4374919734308603,-0.3815030201704111,-0.28467871041242954,-1.1672317784448083,-0.6480018615031609,0.9614573118815635
596,0.17134738924939474,-1.6705760573227595,-0.7223692852405269,0.114871780465865,-0.28467871041242954,0.2937789340627243,0.6159793490289796,0.22859517326073236
597,1.7289312081347596,1.2003578260475394,1.0818536895540283,0.7263479841482355,3.5127319445533716,1.3885157587188823,0.94277138188167,-0.9557502397311378
598,0.17134738924939474,0.45391501637126164,-0.5799306293356936,0.4206098823070503,-0.28467871041242954,-0.23180367080951023,0.5353337292737795,-4.615873747355386
