,quant,logical,english,12percentage,collegetier_pos,collegegpa,domain,agreeableness
0,-0.4024992808662661,0.6261710493734796,-0.10513510965291595,1.0141014917634672,-0.28467871041242954,2.5050383908308818,1.054055738141341,0.4385825250780995
1,0.49925977217262946,-1.4409013466531355,-1.102205700986749,-0.31675848095698383,-0.28467871041242954,-0.9126101538046328,0.6830087316794873,0.3918954069771296
2,0.3353035807110121,-0.46478382630723397,-1.1496852529550268,1.7334852608015492,-0.28467871041242954,-0.201848185557725,-0.04563709241276728,0.4385825250780995
3,-1.591181668962992,-0.8667145699790758,0.3221808580615839,-0.6890395814341912,-0.28467871041242954,-1.0406017726077157,-0.3264062768739846,0.08999933387579016
4,-0.5664554723278834,-0.1776904379702041,-0.15261466162119372,-0.8383117135095929,-0.28467871041242954,0.31284151558658785,0.19869036240979518,1.0450963418427182
5,0.7451940593650556,-0.1776904379702041,-0.4374919734308603,0.9601477090856116,-0.28467871041242954,1.2659705917797595,-3.2514667194758315,-0.27198285086222357
6,1.8109093038655684,1.2003578260475394,0.512099065934695,1.1579782455710845,-0.28467871041242954,-0.436045615708047,0.5558042192353597,0.7871657162804088
7,0.5812378679034381,0.8558457600431035,0.03730354625191735,1.9717811342954141,-0.28467871041242954,2.338921608980072,-0.8267353804562908,0.7593209328390232
8,-0.48447737659707474,-1.9002507679923835,-0.5324510773674158,-1.814875179978789,-0.28467871041242954,-1.8657392299978044,-0.12298345140778191,-0.5880106749582511
9,-0.5664554723278834,-2.1299254786620074,-1.3870830127964155,0.05732107894281842,-0.28467871041242954,0.12221570034795275,0.6159793490289796,0.5551956406935268
10,0.6632159636342468,0.05198427269941982,-0.15261466162119372,1.5626316156550055,-0.28467871041242954,-0.6402875606065838,-0.2810923867014058,0.0652949395443352
11,-0.3615102330008617,-0.06285308263539213,-1.0072465970501936,0.4808582729639898,-0.28467871041242954,-0.30533077097298433,0.9999743109064102,-0.2585838573265192
12,1.0731064422882903,0.9706831153779154,0.03730354625191735,0.0006696071310698802,-0.28467871041242954,0.8425089593567933,1.0395316778386634,1.4941719845628105
13,-0.5664554723278834,-0.1776904379702041,0.512099065934695,-0.5685428001203122,-0.28467871041242954,-0.6089704623888076,-0.042184970618187656,0.881796108126321
14,1.1140954901536946,0.10940295036682579,-0.912287493113638,1.8773620146091663,-0.28467871041242954,1.0440276783233502,0.49137942689506264,-0.4328754529276738
15,-0.15656499367384,0.3964963387038557,-0.24757376555774924,-1.647618453677435,-0.28467871041242954,-1.4844875995205362,-0.9684223898601885,-0.7513109086746483
16,0.8271721550958642,1.2003578260475394,2.126403832856139,0.7623171726001389,3.5127319445533716,0.8711028316425876,-3.2514667194758315,0.9614573118815635
17,-0.6484335680586921,0.6146873138399984,0.41713996199813946,0.24076394004752985,-0.28467871041242954,0.5851641087846369,-0.04563709241276728,0.6128741206792542
18,0.7451940593650556,0.2816589833690437,-0.48497152539913807,-0.16568788945898602,-0.28467871041242954,-1.6342650257794624,0.8486603154904683,-0.4247104412418539
19,-0.8123897595203095,-1.2112266359835115,-1.7669194285426377,1.5176701300901254,-0.28467871041242954,0.040518922388538804,0.3511084756836713,-0.09800529417206197
20,-1.4272254775013746,-0.29252779330501605,-0.8173283891770824,-1.636827697141864,-0.28467871041242954,0.3945382935460018,0.40229010692609724,0.6128741206792542
21,-0.7304116637895008,-0.9815519253138878,-0.8173283891770824,-1.0721114384469697,-0.28467871041242954,-0.6402875606065838,-0.6003707270446152,-0.09800529417206197
22,0.5812378679034381,-0.1776904379702041,0.13226265018847289,0.7083633899222833,-0.28467871041242954,0.6668608867440509,0.3511084756836713,-0.5880106749582511
23,0.5812378679034381,1.2003578260475394,-1.0072465970501936,-1.1440498153507774,-0.28467871041242954,1.402131888378784,-0.8267353804562908,0.7184958744099239
24,-1.7961269082900138,-0.6370398593094518,-0.6748897332722491,-1.0900960326729212,-0.28467871041242954,0.7213254053836614,0.9616709237895092,-0.7814586441299831
25,0.048380245653181705,1.3726138590497572,-1.1496852529550268,-1.5127339969827946,-0.28467871041242954,-0.23180367080951023,0.6936137023750842,0.4385825250780995
26,0.2533254849802034,1.0855204707127273,2.2213629367926946,0.5824712303406184,-0.28467871041242954,-0.23180367080951023,1.0608823216641894,0.9614573118815635
27,0.9091502508266729,-0.407365148639828,-0.7223692852405269,0.7803017668260912,-0.28467871041242954,0.2856092562667826,0.11936253102951128,-0.34295564474665774
28,1.1140954901536946,0.6261710493734796,0.17974220215675066,0.00696421511015376,-0.28467871041242954,-0.7764488572056083,0.7372094369499629,1.1357489074827183
29,-0.2385430894046487,0.6835897270408855,0.17974220215675066,0.114871780465865,-0.28467871041242954,-0.8717617648249258,0.7228077305497786,0.9614573118815635
30,1.1140954901536946,0.9706831153779154,1.1768127934905837,1.544647021429053,-0.28467871041242954,1.2659705917797595,-0.2843091826156739,-0.09800529417206197
31,1.2370626337499075,1.2003578260475394,1.319251449395417,0.04293340356205708,-0.28467871041242954,0.6123963681044422,0.9616709237895092,-0.2585838573265192
32,1.6879421602693554,0.2816589833690437,-0.48497152539913807,0.1868101573696742,-0.28467871041242954,0.1290237651779055,-0.5707718051884615,0.2642909294769449
33,-0.32052118513545735,0.9706831153779154,0.7020172738078061,1.716399896286895,-0.28467871041242954,1.129809295180735,0.40229010692609724,0.3918954069771296
34,1.3600297773461207,1.946800635723817,0.41713996199813946,0.9421631148596593,3.5127319445533716,-0.7451317589878321,0.7209201213125657,1.1357489074827183
35,1.3600297773461207,0.6261710493734796,1.9839651769513058,0.024948809336104785,-0.28467871041242954,0.0677511817083441,-0.030867974626847223,-0.08429226172536451
36,-0.8943678552511182,-0.34994647097242204,-1.4345625647646933,0.7803017668260912,-0.28467871041242954,0.8193615389349589,-0.6480018615031609,0.6128741206792542
37,0.007391197787777364,0.9706831153779154,-0.24757376555774924,0.24076394004752985,-0.28467871041242954,1.084876067303057,-0.6003707270446152,0.7184958744099239
38,0.5812378679034381,0.2816589833690437,0.7020172738078061,0.3486715054032424,-0.28467871041242954,-2.274223119794878,-0.2843091826156739,1.2083965755591153
39,-1.6731597646938006,-0.5796211816420459,-1.2446443568915824,0.6454173101314509,-0.28467871041242954,0.7213254053836614,-0.36468039210161035,-0.6071670485288285
40,-0.4024992808662661,-0.29252779330501605,-0.4469878838245159,-2.0073103381964756,-0.28467871041242954,-1.0487714504036574,0.6830087316794873,1.2083965755591153
41,-2.4109626262710786,0.7984270823756975,-1.4820421167329711,-0.5685428001203122,-0.28467871041242954,1.3204351104193701,0.7228077305497786,0.2642909294769449
42,-0.2385430894046487,0.6261710493734796,0.41713996199813946,-1.0181576557691134,-0.28467871041242954,0.4490028121856124,0.3050646772029058,-0.08429226172536451
43,-0.11557594580843567,0.10940295036682579,-0.4374919734308603,-1.1980035980286339,-0.28467871041242954,0.4490028121856124,0.9581040154658002,0.08999933387579016
44,-0.41069709043934693,-0.29252779330501605,0.6070581698712505,-1.0811037355599458,-0.28467871041242954,-1.4572553402007309,-0.9476080115489603,-1.404511843540237
45,0.49925977217262946,-0.9815519253138878,-0.24757376555774924,0.06091799778800939,-0.28467871041242954,-1.3210940436017065,-0.6003707270446152,1.3716968092755126
46,-1.09931309457814,1.0281017930453213,-0.010176005716360419,-1.3778495402881543,-0.28467871041242954,-1.1849327470026818,0.3050646772029058,0.08999933387579016
47,-0.11557594580843567,1.717125925054193,1.9839651769513058,-0.0020280820028230288,-0.28467871041242954,0.9936479985817105,-0.030867974626847223,0.7871657162804088
48,-0.6484335680586921,1.889381958056411,0.41713996199813946,-0.2717969953921037,-0.28467871041242954,1.088960906201028,0.8486603154904683,1.0450963418427182
49,0.08936929351858605,-0.407365148639828,0.5026031555410394,0.9601477090856116,-0.28467871041242954,0.4081544232059054,-0.2843091826156739,-0.9146111423910455
50,0.49925977217262946,-0.7518772146442638,-1.0072465970501936,-0.5145890174424566,-0.28467871041242954,0.7213254053836614,0.49137942689506264,-0.4247104412418539
51,1.2370626337499075,1.0855204707127273,0.3221808580615839,0.31270231695133777,-0.28467871041242954,0.971862191125867,0.3318989558447083,0.6128741206792542
52,-1.1403021424435442,-0.29252779330501605,-0.4374919734308603,-0.7483887423798327,-0.28467871041242954,-1.1849327470026818,-0.5054547442722517,0.3918954069771296
53,0.4582707243072251,0.7410084047082915,0.8919354816809172,0.47456366498490593,-0.28467871041242954,0.09498344102814939,0.7780359981509463,0.08999933387579016
54,-0.9353569031165225,-0.06285308263539213,-1.0072465970501936,-0.40398376295285116,-0.28467871041242954,-1.0719188708254919,-0.18104145674279848,-0.9557502397311378
55,-1.1403021424435442,-1.4409013466531355,0.3221808580615839,-0.15489713292341567,-0.28467871041242954,-0.9194182186345837,-0.493038544559779,0.7871657162804088
56,0.9911283465574816,0.8558457600431035,-0.912287493113638,0.5554943390016907,-0.28467871041242954,0.857486701982686,0.24739132715327916,1.3100405030838729
57,0.8681612029612685,0.3390776610364497,1.746567417109917,0.04293340356205708,-0.28467871041242954,-0.9398424131244382,-3.2514667194758315,0.9614573118815635
58,-0.8943678552511182,0.16682162803423176,-0.05765555768463818,-1.8274643959369554,-0.28467871041242954,-1.4572553402007309,-0.04563709241276728,0.08999933387579016
59,-0.2385430894046487,-0.6370398593094518,0.5595786179029728,-1.0181576557691134,-0.28467871041242954,-1.1577004876828767,0.9616709237895092,-0.6071670485288285
60,-1.5501926210975876,0.3964963387038557,-0.24757376555774924,0.6382234724410702,-0.28467871041242954,-0.8567840221990333,0.06571249892926224,1.0450963418427182
61,-1.4272254775013746,-0.6944585369768579,-1.339603460828138,-1.0181576557691134,-0.28467871041242954,-0.6402875606065838,-1.0041510882899694,-0.6071670485288285
62,-1.5501926210975876,0.5113336940386676,0.3221808580615839,-0.6224965827981679,-0.28467871041242954,0.040518922388538804,-0.030867974626847223,-0.6071670485288285
63,0.8681612029612685,1.717125925054193,1.4142105533319727,1.9403080943999986,-0.28467871041242954,0.6396286274242474,1.0607071549259293,0.2642909294769449
64,-0.48447737659707474,-0.0054344049679861586,-1.2446443568915824,-0.190866321375319,-0.28467871041242954,-0.26175915606129546,0.42301421063446587,0.08999933387579016
65,-0.5664554723278834,-1.7854134126575714,-1.6719603246060823,-0.8383117135095929,-0.28467871041242954,0.040518922388538804,0.49137942689506264,0.3918954069771296
66,-0.15656499367384,0.3964963387038557,1.0818536895540283,-0.06497416179365545,-0.28467871041242954,-0.8309133758452188,0.42301421063446587,0.881796108126321
67,0.3353035807110121,-0.7518772146442638,0.6070581698712505,0.738037970395104,-0.28467871041242954,-0.7764488572056083,0.6716885868485246,0.7593209328390232
68,0.08936929351858605,0.9706831153779154,0.13226265018847289,1.9313157972870219,-0.28467871041242954,0.857486701982686,0.2761470150252598,0.7184958744099239
69,-0.3615102330008617,1.3726138590497572,0.17974220215675066,-1.287926569158394,-0.28467871041242954,0.7512808906354467,0.510705318942076,1.4843320986850275
70,-0.6894226159240965,-0.34994647097242204,-1.0072465970501936,0.1508409689177696,-0.28467871041242954,0.059581503912402314,1.058652091468494,0.4385825250780995
71,0.8681612029612685,0.9132644377105095,0.5595786179029728,-1.0181576557691134,-0.28467871041242954,0.25837699694697724,-0.04563709241276728,-0.4328754529276738
72,1.0731064422882903,0.2816589833690437,-0.3425328694943048,-0.6764503654760248,-0.28467871041242954,0.857486701982686,0.5938191828711853,-0.08429226172536451
73,-0.03359785007762698,-0.8667145699790758,0.5595786179029728,-0.029004973341750843,-0.28467871041242954,1.402131888378784,0.510705318942076,-0.2585838573265192
74,0.007391197787777364,0.2816589833690437,-0.48497152539913807,0.9601477090856116,-0.28467871041242954,-0.8785698296548767,0.24739132715327916,-0.7814586441299831
75,-0.6484335680586921,0.05198427269941982,-1.0072465970501936,-0.9731961702042332,-0.28467871041242954,0.31284151558658785,0.06571249892926224,-1.5678120772566342
76,-1.09931309457814,-0.06285308263539213,1.0818536895540283,-0.2088509156012713,-0.28467871041242954,-1.9556056857531603,-0.04563709241276728,0.6128741206792542
77,1.9338764474617813,1.4874512143845693,1.0818536895540283,-0.766373336605785,-0.28467871041242954,-0.2726520597892172,0.24739132715327916,0.9614573118815635
78,0.2533254849802034,0.6835897270408855,-2.0517967403523043,-0.029004973341750843,-0.28467871041242954,0.857486701982686,0.6716885868485246,-0.2585838573265192
79,1.2370626337499075,-0.06285308263539213,-0.010176005716360419,1.4097625647344127,-0.28467871041242954,0.19574280051142684,1.0421663576734865,0.08999933387579016
80,1.7289312081347596,0.8558457600431035,1.1768127934905837,0.8702247379558514,-0.28467871041242954,1.6553919000529695,1.0512962108938577,-0.09800529417206197
81,1.4420078730769292,0.5113336940386676,0.8919354816809172,0.4206098823070503,-0.28467871041242954,0.47078861964145585,1.0153610342421906,0.08999933387579016
82,-0.11557594580843567,-0.1776904379702041,0.3221808580615839,-0.029004973341750843,-0.28467871041242954,1.946777074774882,0.06571249892926224,1.3100405030838729
83,-1.591181668962992,-1.4983200243205415,0.3221808580615839,-1.1152744645892543,-0.28467871041242954,0.42585539176377796,-0.9610296332618473,0.6128741206792542
84,0.5812378679034381,0.8558457600431035,0.7020172738078061,-0.766373336605785,-0.28467871041242954,0.24476086728707558,0.510705318942076,-0.09800529417206197
85,-2.6159078655981003,0.2816589833690437,-0.6274101813039714,-1.4677725114179145,-0.28467871041242954,-1.996454074732868,0.19869036240979518,-2.874213946987812
86,0.17134738924939474,-0.407365148639828,-0.4374919734308603,-0.024508824785263086,-0.28467871041242954,-0.22363399301356846,0.5558042192353597,-0.09800529417206197
87,-0.5664554723278834,0.05198427269941982,0.03730354625191735,-2.367002222715517,-0.28467871041242954,-0.4823404565517158,-0.685173310596669,-1.5678120772566342
88,-0.7304116637895008,-0.8667145699790758,-1.0072465970501936,-1.5576954825476748,-0.28467871041242954,-0.904440476008691,0.510705318942076,-0.8131765741402833
89,0.6632159636342468,-0.407365148639828,-1.102205700986749,0.12026715873365083,-0.28467871041242954,0.7226870183496523,0.6830087316794873,0.0652949395443352
90,-1.0583240467127355,-1.0963892806486997,-1.1971648049233046,1.499685535864173,-0.28467871041242954,1.2659705917797595,0.40229010692609724,0.024469881115235903
91,-0.11557594580843567,-0.407365148639828,-1.0072465970501936,-0.694434959701977,-0.28467871041242954,0.5851641087846369,-0.04563709241276728,1.3100405030838729
92,0.7451940593650556,-0.407365148639828,0.512099065934695,1.2209243253619169,-0.28467871041242954,0.775789924023272,0.40229010692609724,0.7871657162804088
93,-1.4682145253667789,-0.6370398593094518,-1.1971648049233046,-1.2735388937776326,-0.28467871041242954,-1.891609876351619,-0.2843091826156739,-0.09800529417206197
94,1.4829969209423337,-1.0963892806486997,-0.24757376555774924,1.5896085069939332,-0.28467871041242954,0.7485576647034667,0.3511084756836713,0.5551956406935268
95,-0.8123897595203095,-0.52220250397464,-0.24757376555774924,-0.3886968578607918,-0.28467871041242954,-0.9126101538046328,0.3703025003390978,1.1357489074827183
96,0.8271721550958642,0.3964963387038557,1.3667310013636949,0.33068691117729004,-0.28467871041242954,1.129809295180735,1.029726331658705,-1.2412116098238397
97,0.8271721550958642,-0.06285308263539213,0.03730354625191735,0.07530567316877071,-0.28467871041242954,0.7213254053836614,0.06571249892926224,-0.09800529417206197
98,1.1140954901536946,0.5113336940386676,0.512099065934695,-0.10094335024555877,-0.28467871041242954,-1.0079230614239505,0.49137942689506264,-0.2585838573265192
99,-0.48447737659707474,-0.52220250397464,-0.3425328694943048,1.3917779705084605,-0.28467871041242954,0.5579318494648317,1.0058665841794212,-0.2613055278884591
100,0.49925977217262946,0.6261710493734796,-1.2921239088598602,0.5105328534368105,-0.28467871041242954,0.026902792728637128,0.3152374461618171,0.22859517326073236
101,-0.2385430894046487,0.9706831153779154,-0.24757376555774924,0.06091799778800939,-0.28467871041242954,2.159188697469361,-0.37028945956139414,1.6586236942861823
102,0.37629262857641643,0.10940295036682579,-0.15261466162119372,-0.42466604631269633,-0.28467871041242954,-0.2998843191090225,-0.36468039210161035,1.1357489074827183
103,0.9501392986920772,0.6261710493734796,1.1768127934905837,1.4097625647344127,-0.28467871041242954,0.5851641087846369,-0.3264062768739846,0.7079232310731571
104,-1.3042583339051617,-0.7518772146442638,-1.0072465970501936,0.3576638025162179,-0.28467871041242954,-0.6579885291644564,-3.2514667194758315,1.3100405030838729
105,0.5812378679034381,0.3964963387038557,1.2717718974271393,1.095032165780252,-0.28467871041242954,1.0208802579015157,0.9362630991303704,-1.3228617266820384
106,-2.0010721476170352,-0.46478382630723397,0.3221808580615839,0.1688255631437219,-0.28467871041242954,-0.09564237421048571,-3.2514667194758315,-0.6071670485288285
107,1.8518983517309728,1.2003578260475394,0.2272217541250284,1.8234082319313094,-0.28467871041242954,1.3422209178752136,-3.2514667194758315,0.2642909294769449
108,2.0568435910579943,0.22424030570163775,-0.24757376555774924,1.499685535864173,-0.28467871041242954,1.211506073140149,-0.04563709241276728,0.9614573118815635
109,-1.6731597646938006,-1.2112266359835115,1.319251449395417,0.6004558245665708,-0.28467871041242954,-0.6402875606065838,-0.3863292863604594,1.1357489074827183
110,-1.3042583339051617,0.6261710493734796,-0.912287493113638,-1.287926569158394,-0.28467871041242954,-0.5313585233273646,-3.2514667194758315,-0.9557502397311378
111,0.2533254849802034,1.0855204707127273,0.3221808580615839,-0.3815030201704111,-0.28467871041242954,-0.18550882996584142,0.6830087316794873,0.4385825250780995
112,-0.8123897595203095,-0.8667145699790758,-0.5799306293356936,0.6544096072444264,-0.28467871041242954,-0.5313585233273646,-0.3264062768739846,0.08999933387579016
113,0.37629262857641643,-0.23510911563761006,1.5566492092368058,-0.8383117135095929,-0.28467871041242954,0.4490028121856124,-0.9805675755328989,0.19457429123648298
114,0.8681612029612685,1.946800635723817,1.0818536895540283,-0.8203271192836405,-0.28467871041242954,-0.19095528182980326,1.0058665841794212,-0.4328754529276738
115,-0.32052118513545735,0.16682162803423176,0.3221808580615839,-0.7304041481538803,-0.28467871041242954,2.1510190196734187,-0.6003707270446152,0.22859517326073236
116,1.2370626337499075,0.2816589833690437,-0.15261466162119372,1.6345699925588133,-0.28467871041242954,2.2054835383130293,0.3511084756836713,1.3100405030838729
117,1.3190407294807163,1.4300325367171631,-0.8173283891770824,1.5356547243160776,-0.28467871041242954,1.1978899434802472,0.9109356587761167,-0.34295564474665774
118,0.2533254849802034,1.0855204707127273,-0.6748897332722491,0.1508409689177696,-0.28467871041242954,-1.1849327470026818,1.0116245926726566,0.08999933387579016
119,0.4172816764418208,0.5113336940386676,-0.05765555768463818,1.5536393185420287,-0.28467871041242954,0.27199312660688085,0.49137942689506264,-0.9146111423910455
120,-0.6074445201932878,0.05198427269941982,0.5595786179029728,-0.2717969953921037,-0.28467871041242954,-0.3135004487689242,-0.18104145674279848,0.9614573118815635
121,0.3353035807110121,-0.1776904379702041,0.3221808580615839,1.1310013542321566,-0.28467871041242954,0.9296521891801691,0.49137942689506264,-1.7311123109730313
122,0.2533254849802034,-0.06285308263539213,0.8444559297126394,1.522166278646613,-0.28467871041242954,0.9800318689218088,-0.12298345140778191,0.7871657162804088
123,1.9338764474617813,0.9706831153779154,0.9868945856174727,0.7623171726001389,-0.28467871041242954,0.005116985272791735,0.3152374461618171,0.2642909294769449
124,-0.32052118513545735,-0.52220250397464,-1.0072465970501936,-1.0541268442210172,-0.28467871041242954,0.619204432934393,0.40229010692609724,0.0652949395443352
125,0.8271721550958642,-0.407365148639828,0.2272217541250284,1.8593774203832139,-0.28467871041242954,0.43538668252571067,-0.2843091826156739,-2.0577127784058256
126,0.7451940593650556,0.7410084047082915,0.6070581698712505,0.114871780465865,-0.28467871041242954,-0.38430432300041834,0.11936253102951128,-0.5880106749582511
127,0.5812378679034381,0.6261710493734796,1.319251449395417,-1.1800190038026814,-0.28467871041242954,-0.5585907826471699,0.24739132715327916,0.08999933387579016
128,-1.0173349988473313,0.5113336940386676,-0.3425328694943048,-0.9821884673172094,-0.28467871041242954,-0.7927882127974919,-0.6480018615031609,0.9614573118815635
129,-2.8618421527905267,-0.29252779330501605,-0.48497152539913807,0.4925482592108582,-0.28467871041242954,0.5851641087846369,-1.0570191665776918,-1.1300418353322925
130,1.9338764474617813,-0.0054344049679861586,1.8415265210464724,-0.10094335024555877,-0.28467871041242954,0.6341821755602857,1.026036029363299,0.08999933387579016
131,-2.04206119548244,-0.407365148639828,-1.1971648049233046,-1.0181576557691134,-0.28467871041242954,-1.4572553402007309,-1.0449282512170686,0.0652949395443352
132,-1.0583240467127355,-0.6944585369768579,-1.1496852529550268,0.8702247379558514,-0.28467871041242954,2.110170630693712,-0.20177178243794452,-0.4328754529276738
133,0.007391197787777364,-1.7854134126575714,-0.4374919734308603,0.024948809336104785,-0.28467871041242954,-0.7764488572056083,-0.35707187585951616,0.5551956406935268
134,0.9911283465574816,0.10940295036682579,-0.3425328694943048,1.7604621521404782,-0.28467871041242954,0.7077092757237597,0.5558042192353597,1.6586236942861823
135,-0.32052118513545735,-2.474437544666443,-1.0072465970501936,-0.5685428001203122,-0.28467871041242954,0.31284151558658785,1.0508670850501163,-0.7513109086746483
136,-0.07458689794303132,-0.6944585369768579,0.13226265018847289,0.31809769521912357,-0.28467871041242954,-0.09564237421048571,-0.030867974626847223,-1.1300418353322925
137,1.1550845380190988,0.45391501637126164,0.6545377218395283,0.36935378876308755,3.5127319445533716,-0.14193721505415452,0.9581040154658002,0.9614573118815635
138,-1.3042583339051617,-1.0389706029812937,-0.912287493113638,-2.0073103381964756,-0.28467871041242954,-1.7854040650043796,0.2137343550473018,-0.09800529417206197
139,1.646953112403951,1.3151951813823513,0.512099065934695,0.9961168975375163,-0.28467871041242954,-0.3271165784288278,0.40229010692609724,0.881796108126321
140,-0.6894226159240965,0.22424030570163775,-0.10513510965291595,-0.37610764190262524,-0.28467871041242954,0.5851641087846369,0.510705318942076,-0.4328754529276738
141,-2.1650283390786527,-2.531856222333849,-1.2446443568915824,-1.287926569158394,-0.28467871041242954,-1.0487714504036574,-0.3264062768739846,-0.2585838573265192
142,-0.6484335680586921,-3.393136387344939,0.512099065934695,-0.694434959701977,-0.28467871041242954,-2.2292898919172,-3.2514667194758315,-0.4247104412418539
143,-2.0010721476170352,-0.7518772146442638,0.6545377218395283,-0.5685428001203122,-0.28467871041242954,-0.4823404565517158,-3.2514667194758315,0.6128741206792542
144,1.646953112403951,1.4300325367171631,1.2242923454588615,-0.59551969145924,-0.28467871041242954,0.3019486118586661,-0.36468039210161035,1.6586236942861823
145,1.2370626337499075,1.2577765037149453,0.08478309822019511,0.20479475159562524,3.5127319445533716,-0.6402875606065838,0.3050646772029058,-1.6529166221357563
146,0.17134738924939474,2.061637991058629,1.5566492092368058,0.690378795696331,-0.28467871041242954,-0.6402875606065838,0.510705318942076,-0.08429226172536451
147,-2.4929407220018875,-0.7518772146442638,-0.5799306293356936,-0.883273199074473,-0.28467871041242954,-0.9126101538046328,-0.35707187585951616,-0.08429226172536451
148,-1.1812911903089485,-1.0389706029812937,-1.6719603246060823,-1.7375414248071952,-0.28467871041242954,-0.7764488572056083,-0.3863292863604594,-0.2585838573265192
149,1.6879421602693554,0.6835897270408855,-0.010176005716360419,0.4925482592108582,-0.28467871041242954,2.940754539947761,0.540077028475001,-0.08429226172536451
150,1.1140954901536946,-0.1776904379702041,0.9868945856174727,1.8234082319313094,-0.28467871041242954,1.4293641476985892,0.8700197053950274,0.4385825250780995
151,-0.2385430894046487,-0.7518772146442638,-0.24757376555774924,-0.3886968578607918,-0.28467871041242954,0.9936479985817105,0.7693005727441258,0.9614573118815635
152,-1.5583904306706684,-1.1538079583161056,0.08478309822019511,-0.9282346846393531,-0.28467871041242954,0.5851641087846369,-3.2514667194758315,-0.6071670485288285
153,0.37629262857641643,0.10940295036682579,0.8919354816809172,1.4906932387511975,-0.28467871041242954,1.4293641476985892,-0.6480018615031609,0.2642909294769449
154,-0.6894226159240965,0.2816589833690437,1.0818536895540283,-0.8985601041665324,-0.28467871041242954,0.04324214832051876,-0.3863292863604594,0.4385825250780995
155,0.007391197787777364,0.05198427269941982,0.3221808580615839,1.2299166224748923,-0.28467871041242954,1.402131888378784,1.0334905159524586,0.0652949395443352
156,0.5812378679034381,-0.1776904379702041,0.03730354625191735,-1.2870273394470966,-0.28467871041242954,-0.024838499978993504,1.0058665841794212,-0.4247104412418539
157,0.9501392986920772,0.05198427269941982,-1.5770012206695267,1.4637163474122685,-0.28467871041242954,-0.17733915216989965,0.24739132715327916,-0.4328754529276738
158,0.17134738924939474,1.0855204707127273,0.8919354816809172,-2.2321177660208766,-0.28467871041242954,-2.4103844163939026,0.40229010692609724,-0.4247104412418539
159,0.08936929351858605,0.5113336940386676,0.9868945856174727,1.5626316156550055,-0.28467871041242954,-0.3271165784288278,0.9387548997892321,-0.08429226172536451
160,-0.3615102330008617,0.5113336940386676,0.8444559297126394,-0.8562963077355452,-0.28467871041242954,0.31284151558658785,-3.2514667194758315,-0.4328754529276738
161,-1.0583240467127355,-0.0054344049679861586,-0.010176005716360419,-0.7124195539279281,3.5127319445533716,-0.09564237421048571,-0.20284812965799467,0.2642909294769449
162,-0.11557594580843567,-0.34994647097242204,-0.10513510965291595,-0.2088509156012713,-0.28467871041242954,0.2311447376271739,-0.9805675755328989,-0.08429226172536451
163,-0.0827847075161122,-0.9815519253138878,0.4076440516044839,-0.5325736116684076,3.5127319445533716,-1.5389521181601458,-0.9684223898601885,-0.4247104412418539
164,0.3271057711379312,-0.06285308263539213,-0.9217834035072935,-0.06497416179365545,-0.28467871041242954,0.06638956874235316,0.5335979466961869,0.5551956406935268
165,-0.32052118513545735,0.7410084047082915,-0.15261466162119372,-0.15489713292341567,-0.28467871041242954,0.857486701982686,0.7693005727441258,0.3918954069771296
166,0.13035834138399038,1.2577765037149453,-0.3425328694943048,1.4097625647344127,3.5127319445533716,-1.72957793339878,-0.54366847566135,-0.7814586441299831
167,0.4172816764418208,0.2816589833690437,0.2272217541250284,0.4565790707589549,3.5127319445533716,-0.6089704623888076,0.06571249892926224,-2.221013012122223
168,0.5812378679034381,-0.34994647097242204,0.2272217541250284,-1.1080806268988737,-0.28467871041242954,-0.6130553012867785,-0.04563709241276728,0.08999933387579016
169,-0.07458689794303132,-0.29252779330501605,-0.15261466162119372,0.9754346141776711,-0.28467871041242954,-1.3292637213976481,0.6830087316794873,-0.2613055278884591
170,-0.3615102330008617,-0.8667145699790758,1.6516083131733614,-1.2582519886855734,-0.28467871041242954,-1.8657392299978044,-0.7829893500002993,-2.0014998133380657
171,0.9091502508266729,-0.29252779330501605,0.13226265018847289,-0.6584657712500724,-0.28467871041242954,-1.1577004876828767,0.6830087316794873,-0.7513109086746483
172,-0.3615102330008617,0.22424030570163775,0.6545377218395283,-0.3347430751829361,-0.28467871041242954,0.040518922388538804,-0.3863292863604594,0.7871657162804088
173,-0.48447737659707474,-0.1776904379702041,0.7494968257760839,-0.16388943003639117,-0.28467871041242954,-1.8929714893176097,0.5938191828711853,-0.2585838573265192
174,-1.0583240467127355,-0.6370398593094518,-0.5324510773674158,0.1508409689177696,-0.28467871041242954,0.6532447570841492,1.029726331658705,-1.5678120772566342
175,-0.3615102330008617,-1.0389706029812937,-1.2446443568915824,-1.0181576557691134,-0.28467871041242954,-0.6402875606065838,0.7209201213125657,-1.3043334309334471
176,-0.4024992808662661,-0.23510911563761006,-1.4345625647646933,0.114871780465865,-0.28467871041242954,-1.3210940436017065,-0.12298345140778191,-2.6986661957426845
177,-0.9353569031165225,0.3964963387038557,0.3221808580615839,-0.42466604631269633,-0.28467871041242954,0.6668608867440509,0.510705318942076,-0.4328754529276738
178,0.49925977217262946,-0.0054344049679861586,0.08478309822019511,0.4206098823070503,-0.28467871041242954,-0.027561725910973455,-0.030867974626847223,-4.092998960551922
179,2.9176135962314858,-0.06285308263539213,0.512099065934695,1.5176701300901254,3.5127319445533716,1.129809295180735,-3.2514667194758315,0.7871657162804088
180,1.646953112403951,0.2816589833690437,0.41713996199813946,1.091435246935061,3.5127319445533716,1.9195448154550767,-3.2514667194758315,-1.2412116098238397
181,0.9091502508266729,1.0855204707127273,-0.15261466162119372,1.7784467463664293,-0.28467871041242954,-0.7737256312736284,0.06571249892926224,-0.4247104412418539
182,0.49925977217262946,-0.407365148639828,1.3667310013636949,-1.287926569158394,-0.28467871041242954,-1.0079230614239505,0.0388360700610988,-2.0577127784058256
183,-0.5664554723278834,-1.8428320903249773,-1.4820421167329711,1.5626316156550055,-0.28467871041242954,-0.23180367080951023,0.49137942689506264,-2.1757914089392205
184,0.7451940593650556,-0.29252779330501605,0.7020172738078061,-1.0181576557691134,-0.28467871041242954,-1.144084358022975,-3.2514667194758315,0.7184958744099239
185,-0.8943678552511182,-0.52220250397464,0.5595786179029728,0.6454173101314509,-0.28467871041242954,0.31284151558658785,-0.5824282119878617,0.9614573118815635
186,0.4172816764418208,0.9706831153779154,0.8919354816809172,0.8594339814202798,-0.28467871041242954,0.7349415350435631,0.9761254374245051,-0.8329610255328469
187,0.3353035807110121,1.2003578260475394,1.1768127934905837,1.499685535864173,-0.28467871041242954,0.31284151558658785,0.3050646772029058,0.9614573118815635
188,0.49925977217262946,-0.9815519253138878,-0.15261466162119372,-0.26280469827912695,-0.28467871041242954,0.7213254053836614,0.9007476225358796,0.5551956406935268
189,-1.0173349988473313,-1.1538079583161056,-1.0072465970501936,-2.456925193845277,-0.28467871041242954,-1.6070327664596582,-0.04563709241276728,-0.4328754529276738
190,-0.8943678552511182,-0.7518772146442638,-0.24757376555774924,-0.2088509156012713,-0.28467871041242954,-0.9126101538046328,0.40229010692609724,1.2083965755591153
191,1.2370626337499075,0.9132644377105095,1.2242923454588615,-1.215988192254586,-0.28467871041242954,1.8514641671555645,0.510705318942076,0.6128741206792542
192,0.9091502508266729,0.05198427269941982,-0.05765555768463818,0.7353402812612111,-0.28467871041242954,-1.3210940436017065,1.026036029363299,-1.0779113761074426
193,-0.2385430894046487,0.6261710493734796,1.1768127934905837,0.1058794833528895,-0.28467871041242954,-0.8227436980492772,-0.54366847566135,-0.2585838573265192
194,-0.525466424462479,0.10940295036682579,-0.3425328694943048,1.3288318907176282,-0.28467871041242954,-0.8581456351650223,-3.2514667194758315,1.1357489074827183
195,-1.1403021424435442,-1.7854134126575714,-0.05765555768463818,-1.0631191413339935,-0.28467871041242954,0.190296348647465,-0.19921200831277477,0.7184958744099239
196,0.2533254849802034,0.3964963387038557,0.17974220215675066,0.8702247379558514,-0.28467871041242954,0.857486701982686,0.6159793490289796,-0.710485850245549
197,0.007391197787777364,-0.52220250397464,0.2272217541250284,-0.2987738867310315,-0.28467871041242954,0.4449179732876415,0.2761470150252598,-0.710485850245549
198,0.007391197787777364,1.0855204707127273,0.17974220215675066,-1.4677725114179145,-0.28467871041242954,0.42177055286580706,0.7209201213125657,-0.9557502397311378
199,0.8681612029612685,1.8319632803890051,0.17974220215675066,-1.3679580134638807,-0.28467871041242954,1.4157480180386857,0.6159793490289796,-0.2585838573265192
200,-0.2385430894046487,-1.5557387019879476,-1.8618785324791933,-1.3778495402881543,-0.28467871041242954,-0.8309133758452188,-0.6003707270446152,0.22859517326073236
201,-1.0583240467127355,-1.3260639913183236,-1.2446443568915824,0.1508409689177696,-0.28467871041242954,-0.3094156098709533,0.5558042192353597,-0.4328754529276738
202,1.7289312081347596,1.4300325367171631,1.8415265210464724,0.7803017668260912,3.5127319445533716,1.674454481576833,1.0512962108938577,0.22859517326073236
203,-0.3615102330008617,0.6835897270408855,-0.48497152539913807,0.024948809336104785,-0.28467871041242954,0.6872850812339053,0.49137942689506264,-0.7814586441299831
204,-0.8943678552511182,-1.3260639913183236,-0.24757376555774924,1.949300391512974,-0.28467871041242954,-1.3210940436017065,-3.2514667194758315,0.5551956406935268
205,-1.591181668962992,-1.4983200243205415,-1.2446443568915824,-0.6584657712500724,-0.28467871041242954,-1.3210940436017065,-0.7829893500002993,0.9614573118815635
206,0.49925977217262946,-0.8667145699790758,-1.0072465970501936,1.4637163474122685,-0.28467871041242954,-0.4496617453679487,-0.6003707270446152,0.3918954069771296
207,0.7451940593650556,-0.0054344049679861586,-1.0072465970501936,-1.1440498153507774,-0.28467871041242954,-0.9126101538046328,0.5558042192353597,0.881796108126321
208,1.3600297773461207,-0.52220250397464,-0.3425328694943048,-0.37071226363483945,-0.28467871041242954,0.857486701982686,0.9616709237895092,-0.08429226172536451
209,-1.3862364296359702,-0.6370398593094518,-0.6748897332722491,1.2209243253619169,-0.28467871041242954,0.08136731136824578,-0.3264062768739846,0.2642909294769449
210,1.4829969209423337,1.3151951813823513,0.13226265018847289,0.23087241322325627,-0.28467871041242954,-2.153039565821746,0.8818246055819593,0.5551956406935268
211,-0.2385430894046487,-1.4983200243205415,-0.4374919734308603,-1.1260652211248259,-0.28467871041242954,-0.36796496740853474,0.24739132715327916,-0.2585838573265192
212,-0.8123897595203095,-0.23510911563761006,-0.3425328694943048,-0.478619828990552,-0.28467871041242954,-0.8445295055051206,0.24739132715327916,-0.2585838573265192
213,-0.7304116637895008,-1.4409013466531355,-1.3870830127964155,-0.2088509156012713,-0.28467871041242954,0.857486701982686,0.49137942689506264,1.6982972767083069
214,0.007391197787777364,1.659707247386787,0.512099065934695,-1.2699419749324417,-0.28467871041242954,-0.29443786724506066,0.42301421063446587,0.22859517326073236
215,-0.4024992808662661,-0.06285308263539213,0.2272217541250284,-2.1421947948911164,-0.28467871041242954,0.857486701982686,0.3511084756836713,-0.7513109086746483
216,0.49925977217262946,1.4874512143845693,-0.3425328694943048,-1.7528283298992546,-0.28467871041242954,1.252354462119858,0.7228077305497786,0.6128741206792542
217,-2.6159078655981003,-0.34994647097242204,-1.339603460828138,-1.287926569158394,-0.28467871041242954,-0.828190149913237,-0.12298345140778191,-0.2585838573265192
218,0.6632159636342468,0.2816589833690437,1.5566492092368058,-0.190866321375319,-0.28467871041242954,-0.9126101538046328,0.5335979466961869,0.3918954069771296
219,-0.32052118513545735,0.6261710493734796,0.5595786179029728,0.3486715054032424,-0.28467871041242954,1.5382931849778085,0.5938191828711853,0.4385825250780995
220,0.8271721550958642,0.16682162803423176,-0.3425328694943048,-0.6584657712500724,-0.28467871041242954,0.857486701982686,0.6716885868485246,1.3716968092755126
221,-0.5664554723278834,-0.6944585369768579,-0.15261466162119372,0.024948809336104785,-0.28467871041242954,-1.9338198782973168,-0.3264062768739846,0.08999933387579016
222,-0.6894226159240965,-0.52220250397464,-0.4374919734308603,0.06091799778800939,-0.28467871041242954,0.6532447570841492,0.6527219777129603,0.6128741206792542
223,-0.48447737659707474,-1.6705760573227595,-0.8173283891770824,-1.287926569158394,-0.28467871041242954,-0.4033669045242818,-0.5659266569367923,1.0450963418427182
224,0.4172816764418208,0.6146873138399984,0.512099065934695,-0.8023425250576883,-0.28467871041242954,0.40543119727392546,-0.042184970618187656,-0.4328754529276738
225,-0.9353569031165225,-1.7279947349901654,-2.14675584428886,-1.3598649460622019,-0.28467871041242954,-0.517742393667461,-0.7423629658522866,1.3100405030838729
226,-0.6894226159240965,-0.1776904379702041,0.6545377218395283,-1.0181576557691134,-0.28467871041242954,-0.7764488572056083,-0.04563709241276728,-0.7814586441299831
227,-0.32052118513545735,0.05198427269941982,-0.24757376555774924,-0.5145890174424566,-0.28467871041242954,-0.1691694743739598,0.09768889785897228,0.14694505640253377
228,-0.2385430894046487,0.2816589833690437,0.17974220215675066,0.04293340356205708,-0.28467871041242954,0.2856092562667826,0.7209201213125657,0.7871657162804088
229,0.8271721550958642,1.3151951813823513,1.4616901053002502,0.06091799778800939,-0.28467871041242954,-1.0896198393833643,0.8112122261699296,-0.9146111423910455
230,-0.8943678552511182,-0.46478382630723397,-0.5799306293356936,-1.215988192254586,-0.28467871041242954,-0.5041262640075593,-0.04563709241276728,0.9614573118815635
231,-0.2385430894046487,0.3964963387038557,0.41713996199813946,0.5105328534368105,-0.28467871041242954,-0.9398424131244382,-0.2843091826156739,-0.7814586441299831
232,-1.714148812559205,-0.29252779330501605,-1.102205700986749,-0.11892794447151107,-0.28467871041242954,0.9527996096020035,0.8818246055819593,-0.09800529417206197
233,2.3027778782504207,0.9132644377105095,0.41713996199813946,1.6075931012198856,-0.28467871041242954,0.46534216777749593,0.9362630991303704,1.3100405030838729
234,-0.6074445201932878,0.45391501637126164,1.319251449395417,0.5105328534368105,-0.28467871041242954,-0.3284781913948168,-0.18104145674279848,-1.1300418353322925
235,-0.48447737659707474,0.7984270823756975,0.41713996199813946,-0.2088509156012713,-0.28467871041242954,0.3945382935460018,0.19869036240979518,0.2642909294769449
236,1.0731064422882903,1.4300325367171631,0.3221808580615839,1.7604621521404782,-0.28467871041242954,0.540230880906959,0.24739132715327916,-1.478625026534602
237,0.9091502508266729,-1.3260639913183236,-0.3425328694943048,1.3270334312950332,-0.28467871041242954,1.166572845262471,0.19869036240979518,0.5551956406935268
238,-1.591181668962992,-0.6370398593094518,-0.10513510965291595,-0.11892794447151107,-0.28467871041242954,0.5715479791247352,0.510705318942076,0.9614573118815635
239,-0.32052118513545735,0.7984270823756975,0.7494968257760839,-0.26280469827912695,-0.28467871041242954,1.4702125366782963,0.19995561293829,0.7871657162804088
240,1.2370626337499075,0.7984270823756975,0.41713996199813946,-0.9642038730912571,-0.28467871041242954,-0.3094156098709533,0.7693005727441258,0.4385825250780995
241,-0.2385430894046487,-0.9815519253138878,1.4616901053002502,0.27043852052035056,-0.28467871041242954,0.540230880906959,-0.2843091826156739,0.0652949395443352
242,0.37629262857641643,0.6261710493734796,0.3221808580615839,-0.8562963077355452,-0.28467871041242954,-1.5525682478200484,-3.2514667194758315,-0.2585838573265192
243,0.17134738924939474,1.0855204707127273,1.319251449395417,-0.5505582058943599,-0.28467871041242954,-0.8036811165254136,0.21049890086467687,0.7871657162804088
244,-1.7961269082900138,-0.8667145699790758,0.9868945856174727,0.7353402812612111,-0.28467871041242954,0.737664760975545,0.24739132715327916,1.3100405030838729
245,1.1140954901536946,1.4874512143845693,2.6486789045071943,1.139993651345132,-0.28467871041242954,0.9255673502821982,0.49137942689506264,0.08999933387579016
246,1.2370626337499075,0.9706831153779154,1.509169657268528,1.0500706802153719,3.5127319445533716,-0.36796496740853474,0.2761470150252598,-0.4328754529276738
247,0.8271721550958642,0.16682162803423176,-0.5324510773674158,1.9313157972870219,-0.28467871041242954,0.5306995901450263,0.40229010692609724,-2.0577127784058256
248,0.4172816764418208,0.05198427269941982,0.7020172738078061,-1.4318033229660105,-0.28467871041242954,-0.79006498686551,0.6716885868485246,0.14694505640253377
249,0.17134738924939474,-0.4188488841733092,2.2213629367926946,-0.478619828990552,-0.28467871041242954,-1.1849327470026818,-0.042184970618187656,-0.46553549967095326
250,-0.3615102330008617,-0.0054344049679861586,1.9839651769513058,-1.4677725114179145,-0.28467871041242954,0.857486701982686,0.9109356587761167,-0.08429226172536451
251,-0.6894226159240965,1.3726138590497572,-0.48497152539913807,-0.5685428001203122,-0.28467871041242954,-0.36796496740853474,-0.04563709241276728,0.4385825250780995
252,1.5649750166731424,-1.5557387019879476,0.8919354816809172,-1.4138187287400583,-0.28467871041242954,1.7289190002164436,0.8686717898209961,0.3918954069771296
253,0.37629262857641643,0.9132644377105095,0.7494968257760839,1.095032165780252,-0.28467871041242954,-0.3856659359664073,-0.6003707270446152,0.5551956406935268
254,0.8681612029612685,-0.6944585369768579,0.8444559297126394,0.00696421511015376,-0.28467871041242954,-0.7437701460218431,0.24739132715327916,1.3100405030838729
255,0.49925977217262946,-0.29252779330501605,-0.48497152539913807,-0.8383117135095929,-0.28467871041242954,0.17668021898756334,0.10668728368716573,0.2642909294769449
256,-1.1403021424435442,-0.06285308263539213,-1.2921239088598602,-0.2987738867310315,-0.28467871041242954,-2.212950536325317,-0.9684223898601885,-0.9146111423910455
257,0.4172816764418208,-0.407365148639828,-0.912287493113638,1.4367394560733406,-0.28467871041242954,1.2659705917797595,-0.03724931109030415,-0.46553549967095326
258,0.7451940593650556,2.176475346393441,0.5595786179029728,-0.42466604631269633,-0.28467871041242954,0.17668021898756334,0.510705318942076,0.6128741206792542
259,-0.32052118513545735,-0.407365148639828,-0.5324510773674158,-1.1980035980286339,-0.28467871041242954,-0.5722069123070715,0.11936253102951128,-0.7513109086746483
260,-0.7304116637895008,-0.6370398593094518,-0.3425328694943048,-0.08295875601960646,3.5127319445533716,-0.122874633530291,0.6159793490289796,-0.9146111423910455
261,0.4172816764418208,-1.5557387019879476,0.512099065934695,-0.478619828990552,3.5127319445533716,-0.23180367080951023,-1.0776116999122536,-2.874213946987812
262,1.8518983517309728,-0.06285308263539213,0.6545377218395283,-0.9642038730912571,-0.28467871041242954,1.837848037495663,1.054055738141341,0.6128741206792542
263,1.9338764474617813,0.6835897270408855,-0.6748897332722491,0.7443325783741866,-0.28467871041242954,-0.22771883191153935,-0.2843091826156739,-0.4328754529276738
264,-1.0583240467127355,-1.6705760573227595,-0.5324510773674158,0.06091799778800939,-0.28467871041242954,0.9936479985817105,0.0388360700610988,-1.0779113761074426
265,1.8109093038655684,2.119056668726035,1.2717718974271393,0.5465020418887151,3.5127319445533716,-0.709729821872087,0.3050646772029058,1.1357489074827183
266,-2.083050243347844,-1.4983200243205415,-1.6719603246060823,-0.9282346846393531,-0.28467871041242954,-1.3210940436017065,-1.0067899775904827,0.08999933387579016
267,-2.4109626262710786,0.5113336940386676,-0.912287493113638,-2.4029714111674205,-0.28467871041242954,-1.8316989058480484,-0.5723000440978993,-0.4328754529276738
268,0.24512767540712255,-0.6370398593094518,-0.6274101813039714,0.7443325783741866,-0.28467871041242954,-1.532144053330194,-0.43020033804458135,-0.46553549967095326
269,0.2533254849802034,0.7410084047082915,0.7494968257760839,1.2299166224748923,-0.28467871041242954,0.10859957068805107,-0.18104145674279848,0.2642909294769449
270,0.007391197787777364,-1.6705760573227595,-0.912287493113638,-0.478619828990552,-0.28467871041242954,-1.1849327470026818,0.06571249892926224,-1.7311123109730313
271,-0.8943678552511182,-1.9002507679923835,-1.4820421167329711,-0.8158309707271528,-0.28467871041242954,-0.0003294665911681626,-0.7862956649702133,-1.404511843540237
272,1.1550845380190988,0.5113336940386676,1.2242923454588615,0.5779750817841307,-0.28467871041242954,-0.4687243268918122,1.0153610342421906,0.7871657162804088
273,1.9338764474617813,0.7984270823756975,2.74363800844375,-0.2448201040531759,-0.28467871041242954,0.17668021898756334,1.0508670850501163,1.1357489074827183
274,0.9091502508266729,0.8558457600431035,-0.3425328694943048,0.4565790707589549,-0.28467871041242954,0.6886466941998962,0.7693005727441258,0.6368457575517253
275,0.6632159636342468,1.0855204707127273,-0.3425328694943048,1.6795314781236934,-0.28467871041242954,3.4037029483844448,0.42301421063446587,0.5551956406935268
276,1.3928210156384442,-0.29252779330501605,0.8919354816809172,1.8503851232702384,-0.28467871041242954,0.5851641087846369,0.8818246055819593,-0.34295564474665774
277,1.5649750166731424,1.2577765037149453,0.41713996199813946,1.4016694973327342,-0.28467871041242954,1.1311709081467258,0.24739132715327916,0.6128741206792542
278,0.8681612029612685,0.3390776610364497,-0.010176005716360419,-0.13691253869746337,-0.28467871041242954,0.5851641087846369,1.0588479580194783,-3.047249386944994
279,1.3600297773461207,-0.06285308263539213,-0.010176005716360419,0.20479475159562524,-0.28467871041242954,1.674454481576833,1.0421663576734865,0.9614573118815635
280,-0.11557594580843567,0.22424030570163775,-1.0072465970501936,-0.7304041481538803,-0.28467871041242954,-0.5585907826471699,-0.5824282119878617,0.6128741206792542
281,0.49925977217262946,0.3390776610364497,-1.5770012206695267,-0.7843579308317372,-0.28467871041242954,-1.1168520987031696,0.5558042192353597,-0.4328754529276738
282,0.5812378679034381,0.10940295036682579,-1.102205700986749,1.3558087820565572,-0.28467871041242954,0.7417495998735159,-3.2514667194758315,0.4385825250780995
283,-0.9353569031165225,-0.29252779330501605,0.08478309822019511,-0.478619828990552,-0.28467871041242954,-0.09564237421048571,-0.4509683647226797,0.9614573118815635
284,-0.7304116637895008,-1.5557387019879476,-1.2921239088598602,-1.1350575182378013,-0.28467871041242954,0.9936479985817105,-0.2810923867014058,-0.2613055278884591
285,0.9911283465574816,1.2003578260475394,-0.8173283891770824,-0.478619828990552,-0.28467871041242954,-0.36796496740853474,0.7693005727441258,0.5551956406935268
286,-0.32052118513545735,-1.3260639913183236,0.03730354625191735,-0.029004973341750843,3.5127319445533716,2.219099667972931,0.7228077305497786,-0.9146111423910455
287,0.17134738924939474,0.16682162803423176,1.1768127934905837,0.114871780465865,-0.28467871041242954,1.2251222028000526,0.2761470150252598,1.0450963418427182
288,-1.1403021424435442,0.05198427269941982,0.08478309822019511,-1.692579939242315,-0.28467871041242954,-1.7200466426368481,-0.9225747155667424,-1.8272082177369111
289,0.8681612029612685,1.3151951813823513,0.3221808580615839,1.4097625647344127,-0.28467871041242954,0.31284151558658785,1.058652091468494,1.3100405030838729
290,0.9091502508266729,0.2816589833690437,-0.8173283891770824,-0.22683550982722359,-0.28467871041242954,-0.980690802104145,0.6830087316794873,-0.4247104412418539
291,2.1798107346542075,2.061637991058629,0.08478309822019511,1.9223235001740464,3.5127319445533716,1.4143864050726966,0.9999743109064102,-0.08429226172536451
292,0.4172816764418208,-0.06285308263539213,-1.6719603246060823,-0.2088509156012713,-0.28467871041242954,-0.4020052915582909,-0.2843091826156739,-2.3843132458386203
293,0.9911283465574816,0.05198427269941982,1.936485624983028,1.6795314781236934,-0.28467871041242954,1.0698983246771645,0.9362630991303704,-0.4247104412418539
294,-0.9763459509819269,-0.407365148639828,0.13226265018847289,1.3198395936046525,-0.28467871041242954,0.857486701982686,0.49137942689506264,1.5349970429919098
295,0.3353035807110121,-0.407365148639828,0.03730354625191735,-0.9282346846393531,-0.28467871041242954,-0.6402875606065838,0.0388360700610988,-1.2412116098238397
296,-2.287995482674866,-0.1776904379702041,1.1768127934905837,-0.5685428001203122,-0.28467871041242954,-1.1168520987031696,0.7209201213125657,0.08999933387579016
297,0.13035834138399038,-0.1776904379702041,-1.1496852529550268,-0.4381544919821596,-0.28467871041242954,0.5851641087846369,0.49137942689506264,0.0652949395443352
298,-1.0583240467127355,0.10940295036682579,0.17974220215675066,-0.3886968578607918,-0.28467871041242954,-0.09564237421048571,-0.8267353804562908,-6.184498107765778
299,0.37629262857641643,0.3390776610364497,0.08478309822019511,1.0500706802153719,-0.28467871041242954,-1.0800885486214327,0.8700197053950274,-0.6071670485288285
300,0.5812378679034381,-0.34994647097242204,-0.10513510965291595,-0.2088509156012713,-0.28467871041242954,0.31284151558658785,0.9616709237895092,1.4843320986850275
301,1.3600297773461207,-0.34994647097242204,1.4142105533319727,-0.5325736116684076,-0.28467871041242954,-0.5259120714634027,1.058652091468494,-0.2585838573265192
302,0.007391197787777364,-0.1776904379702041,-1.6719603246060823,-0.2448201040531759,-0.28467871041242954,-0.7328772422939214,-0.2810923867014058,-0.7814586441299831
303,0.7451940593650556,-0.6370398593094518,-0.05765555768463818,1.2299166224748923,-0.28467871041242954,1.8106157781758576,0.5558042192353597,-2.4251383042677195
304,-0.16476280324692086,-0.8667145699790758,-0.6274101813039714,-1.0361422499950657,-0.28467871041242954,-0.21818754114960856,-0.2810923867014058,-0.7513109086746483
305,0.2533254849802034,0.6261710493734796,0.6545377218395283,1.4187548618473884,-0.28467871041242954,0.857486701982686,0.510705318942076,0.2642909294769449
306,-1.0583240467127355,-0.52220250397464,-0.9217834035072935,0.7407356595289969,-0.28467871041242954,0.17668021898756334,-3.2514667194758315,-2.874213946987812
307,-1.7961269082900138,-0.7518772146442638,-1.339603460828138,0.9331708177466839,-0.28467871041242954,0.6763921775059836,-0.685173310596669,0.7871657162804088
308,0.3353035807110121,-1.6705760573227595,-0.15261466162119372,-0.11892794447151107,-0.28467871041242954,-1.1849327470026818,-3.2514667194758315,-0.4247104412418539
309,1.6879421602693554,1.7745446027215992,1.4142105533319727,1.978974971985795,-0.28467871041242954,3.43093520770425,1.029726331658705,0.6128741206792542
310,-1.3042583339051617,-0.407365148639828,-0.7223692852405269,-0.4723252210114694,-0.28467871041242954,-1.8657392299978044,0.06571249892926224,-0.9146111423910455
311,-1.6731597646938006,-1.8428320903249773,-1.1496852529550268,-1.25195738070649,-0.28467871041242954,0.14944795966775803,-0.20177178243794452,0.14694505640253377
312,0.4172816764418208,1.2003578260475394,0.7020172738078061,-0.190866321375319,-0.28467871041242954,-1.0365169337097446,0.6716885868485246,1.5349970429919098
313,2.9176135962314858,1.6022885697193812,0.7494968257760839,0.6184404187925231,3.5127319445533716,-0.004414305489139053,0.24739132715327916,0.9614573118815635
314,-1.3862364296359702,-0.06285308263539213,0.08478309822019511,-0.2987738867310315,-0.28467871041242954,-0.5041262640075593,0.7209201213125657,1.4843320986850275
315,0.8271721550958642,0.7410084047082915,-0.5324510773674158,2.00325417419083,-0.28467871041242954,1.5382931849778085,0.40229010692609724,1.0450963418427182
316,0.08936929351858605,0.2816589833690437,1.2717718974271393,-0.5685428001203122,-0.28467871041242954,-0.4632778750278523,0.40229010692609724,0.22859517326073236
317,0.9911283465574816,0.6835897270408855,1.1768127934905837,0.8342555495039469,-0.28467871041242954,-0.04662430743483696,0.9616709237895092,0.08999933387579016
318,-2.460149483709564,-1.5557387019879476,-0.15261466162119372,-1.3778495402881543,-0.28467871041242954,-2.001900526596829,-0.8267353804562908,-0.2613055278884591
319,-0.48447737659707474,-1.2112266359835115,-1.102205700986749,-1.1080806268988737,-0.28467871041242954,0.4490028121856124,-0.12298345140778191,0.3918954069771296
320,0.8271721550958642,1.659707247386787,0.6070581698712505,0.5465020418887151,-0.28467871041242954,2.1714432141632733,1.0536806875837303,-0.09800529417206197
321,0.6632159636342468,0.5113336940386676,0.5595786179029728,0.4385944765330026,-0.28467871041242954,-0.21274108928564672,0.6716885868485246,0.2642909294769449
322,-0.6894226159240965,-0.1776904379702041,-2.2417149482254155,0.6184404187925231,-0.28467871041242954,-0.6402875606065838,0.510705318942076,1.1357489074827183
323,-0.4024992808662661,-1.1538079583161056,-0.6748897332722491,0.861232440842876,-0.28467871041242954,-0.5041262640075593,-0.36468039210161035,0.2642909294769449
324,0.9911283465574816,0.2816589833690437,0.8444559297126394,-0.2088509156012713,-0.28467871041242954,-0.5313585233273646,-0.030867974626847223,0.6128741206792542
325,1.6879421602693554,1.946800635723817,1.746567417109917,0.7713094697131156,-0.28467871041242954,2.627583557770005,0.8700197053950274,-0.4328754529276738
326,-1.6731597646938006,-1.9576694456597894,-1.339603460828138,-0.5865273943462646,-0.28467871041242954,-0.4959565862116175,0.3050646772029058,-2.3500830045403753
327,-0.3615102330008617,-0.34994647097242204,0.3221808580615839,1.3198395936046525,-0.28467871041242954,0.040518922388538804,-0.685173310596669,-0.7814586441299831
328,0.3271057711379312,0.7410084047082915,0.13226265018847289,-0.7483887423798327,-0.28467871041242954,-1.0487714504036574,0.19869036240979518,0.0652949395443352
329,0.08936929351858605,0.2816589833690437,0.03730354625191735,-0.5325736116684076,-0.28467871041242954,-0.5068494899395393,0.7693005727441258,1.0450963418427182
330,-0.15656499367384,-1.0963892806486997,-0.7223692852405269,0.6364250130184753,-0.28467871041242954,-1.3319869473296282,-0.8267353804562908,-2.5476134795550176
331,0.8271721550958642,-0.29252779330501605,0.512099065934695,-0.08295875601960646,-0.28467871041242954,-0.08747269641454393,0.8818246055819593,1.0450963418427182
332,1.1140954901536946,-0.5796211816420459,-0.3425328694943048,1.0320860859894196,-0.28467871041242954,0.059581503912402314,-0.9684223898601885,0.6128741206792542
333,-0.11557594580843567,-0.29252779330501605,0.6545377218395283,-1.2699419749324417,-0.28467871041242954,-0.436045615708047,-0.042184970618187656,-2.3500830045403753
334,0.3353035807110121,-0.34994647097242204,0.7494968257760839,1.4097625647344127,-0.28467871041242954,-1.1454459709889648,0.5938191828711853,-0.08429226172536451
335,-2.04206119548244,-0.7518772146442638,0.6545377218395283,-0.5685428001203122,-0.28467871041242954,-1.1304682283630723,0.510705318942076,-1.3043334309334471
336,-0.32052118513545735,0.2816589833690437,-0.6274101813039714,0.6004558245665708,-0.28467871041242954,0.2992253859266862,0.6830087316794873,-0.09800529417206197
337,1.1550845380190988,0.3964963387038557,0.41713996199813946,-1.719556830581243,-0.28467871041242954,-0.24269657453743196,0.9109356587761167,0.0652949395443352
338,0.3271057711379312,-0.29252779330501605,-0.24757376555774924,1.380087984261592,-0.28467871041242954,-0.05479398523077875,0.06571249892926224,0.7184958744099239
339,0.3271057711379312,-0.9815519253138878,-0.5799306293356936,-0.8562963077355452,-0.28467871041242954,1.129809295180735,0.6159793490289796,-0.03561623052143843
340,2.3027778782504207,0.7984270823756975,0.8444559297126394,0.9601477090856116,3.5127319445533716,1.4293641476985892,0.06571249892926224,0.2642909294769449
341,-0.32052118513545735,-0.06285308263539213,-1.0072465970501936,0.24975623716050535,-0.28467871041242954,0.4190473269338271,-0.7829893500002993,-0.4328754529276738
342,-1.7961269082900138,-1.4983200243205415,-0.912287493113638,-0.8023425250576883,-0.28467871041242954,0.2515689321170264,-0.3264062768739846,0.08999933387579016
343,0.7451940593650556,0.10940295036682579,0.9868945856174727,0.81087557701021,-0.28467871041242954,-1.7568101927185853,1.0153610342421906,0.9614573118815635
344,-1.3042583339051617,-0.7518772146442638,-1.7669194285426377,1.2209243253619169,-0.28467871041242954,-0.7764488572056083,-0.3264062768739846,0.4385825250780995
345,0.49925977217262946,0.05198427269941982,0.2272217541250284,0.5465020418887151,-0.28467871041242954,-1.0092846743899393,0.8486603154904683,0.22859517326073236
346,-0.6074445201932878,-0.06285308263539213,-1.0072465970501936,0.7623171726001389,-0.28467871041242954,0.9936479985817105,-3.2514667194758315,0.6128741206792542
347,-0.7304116637895008,-0.9815519253138878,-0.7223692852405269,0.6301304050393914,-0.28467871041242954,2.49142226117098,-0.2843091826156739,0.22859517326073236
348,1.0731064422882903,0.8558457600431035,-0.7223692852405269,1.16697054268406,-0.28467871041242954,-0.9534585427843398,-3.2514667194758315,-0.9554362008201448
349,-0.2385430894046487,0.22424030570163775,2.078924280887861,0.8702247379558514,-0.28467871041242954,0.10587634475607112,0.7228077305497786,1.1357489074827183
350,0.7451940593650556,0.7410084047082915,-1.6719603246060823,-0.029004973341750843,-0.28467871041242954,0.040518922388538804,0.6830087316794873,-1.0779113761074426
351,1.3600297773461207,1.2003578260475394,1.4142105533319727,-0.08295875601960646,-0.28467871041242954,0.5579318494648317,0.9075353094252525,-0.08429226172536451
352,0.3353035807110121,-0.9815519253138878,-1.3870830127964155,-1.287926569158394,-0.28467871041242954,-0.8309133758452188,-0.6003707270446152,0.22859517326073236
353,-0.4024992808662661,0.16682162803423176,-1.3870830127964155,-1.215988192254586,-0.28467871041242954,-0.2685672208912463,-0.7862956649702133,0.7184958744099239
354,0.49925977217262946,-1.2686453136509177,-1.2446443568915824,0.1508409689177696,-0.28467871041242954,0.5851641087846369,0.510705318942076,0.4385825250780995
355,-0.2385430894046487,0.9132644377105095,1.2242923454588615,0.6454173101314509,-0.28467871041242954,-1.7922121298343314,-0.152985670596572,-1.478625026534602
356,0.5812378679034381,2.119056668726035,1.6516083131733614,1.2991573102448073,3.5127319445533716,0.12221570034795275,1.0395316778386634,-0.09800529417206197
357,-1.6321707168283963,-1.4409013466531355,-1.4820421167329711,-1.287926569158394,-0.28467871041242954,-1.0487714504036574,-0.35707187585951616,-1.5678120772566342
358,-0.11557594580843567,0.5113336940386676,0.6545377218395283,-0.2987738867310315,-0.28467871041242954,-0.09564237421048571,0.6936137023750842,0.7871657162804088
359,-2.1240392912132484,-1.5557387019879476,-0.6748897332722491,-0.029004973341750843,-0.28467871041242954,-0.9126101538046328,-0.8533925749205359,-0.4328754529276738
360,-0.8123897595203095,-0.46478382630723397,-0.010176005716360419,-0.9282346846393531,-0.28467871041242954,0.09498344102814939,-0.6773783120791429,0.6128741206792542
361,-0.6074445201932878,-0.34994647097242204,-0.7698488372088047,-0.9884830752962926,-0.28467871041242954,-0.8881011204168076,-0.030867974626847223,0.9614573118815635
362,0.4582707243072251,0.9132644377105095,2.2213629367926946,0.1508409689177696,-0.28467871041242954,0.23931441542311377,-3.2514667194758315,-0.6071670485288285
363,-0.6894226159240965,0.3390776610364497,-2.099276292320582,0.7892940639390668,-0.28467871041242954,-0.5218272325654318,-0.5824282119878617,0.6128741206792542
364,-1.0583240467127355,-0.8667145699790758,0.17974220215675066,-1.323895757610298,-0.28467871041242954,-1.3878130789352288,0.10668728368716573,-0.2585838573265192
365,1.4829969209423337,0.6835897270408855,1.0818536895540283,0.8342555495039469,-0.28467871041242954,0.6123963681044422,0.42301421063446587,-1.1300418353322925
366,1.1550845380190988,0.3390776610364497,-0.4374919734308603,-1.1980035980286339,-0.28467871041242954,0.306033450756637,0.9387548997892321,0.8220240354006397
367,1.2370626337499075,0.6261710493734796,-0.010176005716360419,0.33068691117729004,-0.28467871041242954,-1.1577004876828767,1.0153610342421906,-2.1757914089392205
368,0.9911283465574816,1.6022885697193812,0.7494968257760839,-0.6135042856851923,-0.28467871041242954,-1.330625334363638,0.3050646772029058,-0.08429226172536451
369,-1.5501926210975876,0.9706831153779154,-0.4469878838245159,0.9925199786923253,-0.28467871041242954,-0.36796496740853474,1.0334905159524586,0.22859517326073236
370,-0.8123897595203095,-0.1776904379702041,-0.7698488372088047,-0.8383117135095929,-0.28467871041242954,-0.09564237421048571,-0.4999629424467948,-0.9557502397311378
371,1.7289312081347596,0.7984270823756975,0.8919354816809172,-1.1440498153507774,3.5127319445533716,-0.6539036902664854,0.9616709237895092,0.4385825250780995
372,0.007391197787777364,0.9132644377105095,1.6516083131733614,-0.7483887423798327,-0.28467871041242954,-0.4251527119801253,-3.2514667194758315,-0.4328754529276738
373,-0.11557594580843567,-0.06285308263539213,-1.8143989805109155,-1.2699419749324417,-0.28467871041242954,-0.23180367080951023,0.40229010692609724,1.6586236942861823
374,-0.5664554723278834,-2.1299254786620074,-2.14675584428886,-1.3418803518362503,-0.28467871041242954,-0.5776533641710334,0.06571249892926224,-1.3043334309334471
375,-0.2385430894046487,-0.7518772146442638,-1.1971648049233046,-1.000173061543161,-0.28467871041242954,-0.6947520792461944,0.7178854856270139,0.7184958744099239
376,0.8271721550958642,-0.9815519253138878,-0.15261466162119372,0.4206098823070503,-0.28467871041242954,0.583802495818646,0.6159793490289796,0.3918954069771296
377,-0.2385430894046487,1.4300325367171631,-0.7223692852405269,0.3486715054032424,-0.28467871041242954,-0.25903593012931553,-0.6003707270446152,-0.22048046945935984
378,0.6222269157688425,-0.1776904379702041,-0.3425328694943048,0.07890259201396169,-0.28467871041242954,-0.8921859593147784,0.8686717898209961,-0.4247104412418539
379,-0.3615102330008617,1.0855204707127273,-0.24757376555774924,-0.8652886048485207,-0.28467871041242954,0.17668021898756334,0.6716885868485246,0.6128741206792542
380,0.4582707243072251,1.2003578260475394,0.7494968257760839,0.9151862235207315,-0.28467871041242954,0.08136731136824578,0.24739132715327916,-2.0014998133380657
381,0.4172816764418208,-0.407365148639828,-0.15261466162119372,0.690378795696331,-0.28467871041242954,0.24476086728707558,0.5558042192353597,-1.2412116098238397
382,1.1140954901536946,1.2003578260475394,-0.3425328694943048,1.9582926886259497,-0.28467871041242954,0.857486701982686,0.5938191828711853,-2.0014998133380657
383,-0.4024992808662661,-1.6705760573227595,-1.1971648049233046,-2.805826321828747,-0.28467871041242954,-0.5041262640075593,-0.20284812965799467,-1.2412116098238397
384,0.37629262857641643,-0.29252779330501605,0.17974220215675066,0.20479475159562524,-0.28467871041242954,1.402131888378784,-0.030867974626847223,0.08999933387579016
385,-0.8943678552511182,0.7410084047082915,1.6516083131733614,0.4206098823070503,-0.28467871041242954,0.31284151558658785,0.7780359981509463,0.9614573118815635
386,-0.8123897595203095,-0.34994647097242204,-1.5770012206695267,-1.1080806268988737,3.5127319445533716,-0.5041262640075593,0.19869036240979518,-0.2585838573265192
387,0.5812378679034381,1.4300325367171631,0.8919354816809172,0.06091799778800939,-0.28467871041242954,-0.23180367080951023,0.24739132715327916,0.08999933387579016
388,-1.3042583339051617,0.9132644377105095,0.6545377218395283,1.3198395936046525,-0.28467871041242954,1.1025770358609297,-0.3863292863604594,0.7871657162804088
389,-0.5664554723278834,-0.5796211816420459,-0.48497152539913807,1.2479012167008448,-0.28467871041242954,0.08136731136824578,-0.8267353804562908,0.2642909294769449
390,-0.11557594580843567,-0.1776904379702041,0.17974220215675066,-0.42466604631269633,-0.28467871041242954,-0.6811359495862908,0.40229010692609724,0.7871657162804088
391,-1.6731597646938006,0.10940295036682579,1.319251449395417,0.5105328534368105,-0.28467871041242954,0.9936479985817105,-3.2514667194758315,1.3100405030838729
392,0.2533254849802034,1.4874512143845693,0.41713996199813946,0.1058794833528895,-0.28467871041242954,1.1869970397523255,-0.030867974626847223,-1.8272082177369111
393,-1.47641233493986,1.2003578260475394,0.9868945856174727,-0.37071226363483945,-0.28467871041242954,-0.8935475722807693,0.3511084756836713,-0.5880106749582511
394,0.6222269157688425,-0.46478382630723397,-0.15261466162119372,0.18051554939059034,-0.28467871041242954,0.6804770164039544,0.40229010692609724,0.7871657162804088
395,2.01585454319259,1.4874512143845693,-1.4345625647646933,0.4565790707589549,3.5127319445533716,0.9037815428263547,-0.7829893500002993,-0.4328754529276738
396,0.7451940593650556,-0.9815519253138878,0.6545377218395283,-0.5685428001203122,-0.28467871041242954,0.17668021898756334,0.510705318942076,-0.08429226172536451
397,0.17134738924939474,0.7984270823756975,0.6545377218395283,-0.7483887423798327,-0.28467871041242954,-1.5934166367997555,-0.6480018615031609,1.4843320986850275
398,1.9338764474617813,1.3726138590497572,0.7494968257760839,0.9961168975375163,3.5127319445533716,0.2175286079672703,0.9581040154658002,0.7871657162804088
399,0.2533254849802034,0.3964963387038557,1.319251449395417,0.690378795696331,3.5127319445533716,0.9800318689218088,0.10668728368716573,-1.8272082177369111
400,0.007391197787777364,-1.0389706029812937,-2.0517967403523043,-0.5685428001203122,-0.28467871041242954,0.040518922388538804,-0.2810923867014058,0.08999933387579016
401,-0.7304116637895008,-0.1776904379702041,-1.3870830127964155,-0.478619828990552,-0.28467871041242954,0.4490028121856124,-0.9684223898601885,-0.7513109086746483
402,-0.32052118513545735,-0.29252779330501605,0.6070581698712505,-1.9029996916859544,-0.28467871041242954,0.040518922388538804,0.9109356587761167,0.7184958744099239
403,0.8681612029612685,0.7984270823756975,0.6545377218395283,0.00696421511015376,3.5127319445533716,0.0868137632322076,0.7228077305497786,1.1357489074827183
404,0.8681612029612685,0.5113336940386676,1.4142105533319727,-0.478619828990552,-0.28467871041242954,-0.23180367080951023,0.510705318942076,-0.2585838573265192
405,-1.1812911903089485,-1.4409013466531355,-1.6719603246060823,-0.9282346846393531,-0.28467871041242954,0.17668021898756334,0.8700197053950274,-0.2585838573265192
406,2.3027778782504207,1.2577765037149453,0.512099065934695,0.402625288081098,3.5127319445533716,-0.09564237421048571,1.054055738141341,0.2642909294769449
407,-1.6731597646938006,-2.015088123327195,-1.0072465970501936,1.4727086445252453,3.5127319445533716,-1.4708714698606336,0.5793178015499452,-0.2585838573265192
408,1.4829969209423337,1.6022885697193812,0.9868945856174727,0.19580245448264974,3.5127319445533716,1.6063738332773208,1.042526365415466,-1.3043334309334471
409,-1.4682145253667789,-1.4409013466531355,-1.6719603246060823,0.8477439951734114,-0.28467871041242954,-0.23180367080951023,-0.4999629424467948,-0.09800529417206197
410,-0.5664554723278834,-1.5557387019879476,-1.1971648049233046,0.8432478466169236,-0.28467871041242954,-1.4095988863910722,-0.2843091826156739,0.7184958744099239
411,-2.0010721476170352,-0.8667145699790758,-0.3425328694943048,0.24076394004752985,-0.28467871041242954,1.1161931655208333,0.510705318942076,0.9614573118815635
412,-1.5501926210975876,0.05198427269941982,-1.2921239088598602,-2.382289127807576,-0.28467871041242954,0.970500578159876,0.7693005727441258,0.0652949395443352
413,0.8271721550958642,0.2816589833690437,0.41713996199813946,-0.5145890174424566,3.5127319445533716,0.27880119143683174,1.0582297589875422,-0.2613055278884591
414,-0.6074445201932878,0.6261710493734796,-0.8173283891770824,0.24076394004752985,-0.28467871041242954,0.5851641087846369,-0.43020033804458135,-1.3043334309334471
415,0.49925977217262946,1.0855204707127273,0.7969763777443616,0.4565790707589549,-0.28467871041242954,-0.23180367080951023,0.6716885868485246,-0.2613055278884591
416,0.6222269157688425,0.5113336940386676,0.512099065934695,0.7803017668260912,3.5127319445533716,2.627583557770005,0.3050646772029058,0.4385825250780995
417,0.08936929351858605,0.5113336940386676,0.03730354625191735,0.2947177227253855,3.5127319445533716,2.49142226117098,0.8818246055819593,-0.5880106749582511
418,2.5487121654428466,0.7984270823756975,1.6516083131733614,0.1508409689177696,-0.28467871041242954,-0.9126101538046328,1.0334905159524586,-0.9557502397311378
419,-0.2385430894046487,-0.29252779330501605,0.13226265018847289,0.3486715054032424,-0.28467871041242954,-0.09564237421048571,0.5558042192353597,0.7184958744099239
420,0.2533254849802034,-1.3260639913183236,0.512099065934695,0.13735252324830508,-0.28467871041242954,0.2992253859266862,0.3050646772029058,0.4385825250780995
421,0.13035834138399038,1.2577765037149453,1.0818536895540283,-0.9282346846393531,-0.28467871041242954,-2.2646918290329463,-0.8267353804562908,0.4385825250780995
422,-0.8943678552511182,-0.9241332476464817,1.2242923454588615,-0.7124195539279281,-0.28467871041242954,-1.2393972656422916,-0.36468039210161035,0.2642909294769449
423,2.7946464526352726,1.659707247386787,2.5062402486023614,0.5105328534368105,3.5127319445533716,1.050835743153301,-0.36468039210161035,0.2642909294769449
424,0.2533254849802034,0.6835897270408855,0.17974220215675066,1.283870405152748,-0.28467871041242954,0.5715479791247352,0.9581040154658002,0.7871657162804088
425,-0.525466424462479,-0.34994647097242204,0.5595786179029728,-1.4677725114179145,-0.28467871041242954,1.674454481576833,0.510705318942076,0.2642909294769449
426,0.5812378679034381,0.6261710493734796,0.5595786179029728,1.3558087820565572,3.5127319445533716,1.633606092597126,0.7209201213125657,1.6586236942861823
427,1.4420078730769292,0.5113336940386676,0.41713996199813946,1.9313157972870219,-0.28467871041242954,0.10179150585810023,-0.7829893500002993,-2.1757914089392205
428,-0.9353569031165225,0.6261710493734796,0.17974220215675066,0.20479475159562524,-0.28467871041242954,1.946777074774882,0.24739132715327916,0.9614573118815635
429,0.4582707243072251,-0.7518772146442638,-1.102205700986749,0.6274327159054985,-0.28467871041242954,0.5851641087846369,0.9387548997892321,-0.2585838573265192
430,-0.3615102330008617,-0.34994647097242204,1.0818536895540283,-0.46423215360979064,-0.28467871041242954,1.674454481576833,0.510705318942076,1.3100405030838729
431,-0.2385430894046487,0.6835897270408855,0.08478309822019511,0.1508409689177696,-0.28467871041242954,0.857486701982686,0.7109417685616937,-0.9557502397311378
432,-0.3615102330008617,-0.5796211816420459,-0.912287493113638,1.2209243253619169,-0.28467871041242954,-0.318946900632886,-0.2810923867014058,-2.1757914089392205
433,0.4582707243072251,0.7984270823756975,0.5595786179029728,0.8702247379558514,-0.28467871041242954,0.07592085950428588,0.510705318942076,0.7871657162804088
434,0.2533254849802034,-0.23510911563761006,-0.4374919734308603,1.8665712580735947,-0.28467871041242954,2.0965545010338085,-0.36468039210161035,-0.08429226172536451
435,-0.6484335680586921,-0.06285308263539213,-1.1971648049233046,0.1508409689177696,-0.28467871041242954,-1.8371453577120092,0.40229010692609724,0.2694202316898316
436,-1.7961269082900138,-1.2112266359835115,-1.102205700986749,-0.029004973341750843,-0.28467871041242954,1.2659705917797595,-0.3264062768739846,1.1357489074827183
437,-0.5664554723278834,-1.2112266359835115,-1.8618785324791933,1.1849551369100122,-0.28467871041242954,-0.5041262640075593,0.6830087316794873,-0.22048046945935984
438,-0.2385430894046487,0.3964963387038557,1.8415265210464724,-0.5865273943462646,-0.28467871041242954,1.4933599571001306,0.24739132715327916,-0.08429226172536451
439,-2.3699735784056744,0.3964963387038557,-0.35202877988796033,0.24076394004752985,-0.28467871041242954,-0.7764488572056083,-0.12298345140778191,0.22859517326073236
440,1.1140954901536946,0.6835897270408855,0.17974220215675066,-0.40668145208674406,-0.28467871041242954,-1.2938617842819011,-0.6480018615031609,-0.08429226172536451
441,-0.8123897595203095,-0.29252779330501605,0.3221808580615839,0.5465020418887151,-0.28467871041242954,-1.103235969043267,-0.9684223898601885,-0.2613055278884591
442,0.2533254849802034,-0.1776904379702041,-0.5324510773674158,-1.0900960326729212,3.5127319445533716,0.19301957457944688,0.6159793490289796,1.8615975104247042
443,0.49925977217262946,0.7410084047082915,-0.05765555768463818,0.8998993184286722,-0.28467871041242954,-1.5934166367997555,-0.2843091826156739,1.7391223351374063
444,0.7451940593650556,0.5113336940386676,-0.010176005716360419,0.24076394004752985,-0.28467871041242954,0.6028650773425095,0.8112122261699296,0.2642909294769449
445,-0.11557594580843567,-0.5796211816420459,-0.8173283891770824,0.4925482592108582,3.5127319445533716,0.31284151558658785,-0.12298345140778191,-0.2585838573265192
446,0.7451940593650556,-1.6705760573227595,0.7020172738078061,-1.1980035980286339,-0.28467871041242954,0.30467183779064605,0.6716885868485246,-0.7513109086746483
447,0.17134738924939474,-0.1776904379702041,-0.24757376555774924,-0.6045119885722168,-0.28467871041242954,-0.7287924033959505,0.24739132715327916,-0.6071670485288285
448,-0.8943678552511182,-1.4409013466531355,-0.24757376555774924,-0.029004973341750843,-0.28467871041242954,-1.0487714504036574,0.6830087316794873,-0.09800529417206197
449,1.1140954901536946,1.2577765037149453,2.411281144665806,0.1508409689177696,-0.28467871041242954,-1.1985488766625845,0.5938191828711853,-0.08429226172536451
450,-0.11557594580843567,0.6261710493734796,0.5595786179029728,-1.242965083593514,-0.28467871041242954,-0.634841108742622,0.7209201213125657,1.4843320986850275
451,0.2533254849802034,-0.5796211816420459,0.08478309822019511,2.075192551094639,-0.28467871041242954,0.4490028121856124,-0.36468039210161035,0.2642909294769449
452,-0.2385430894046487,0.05198427269941982,0.41713996199813946,-0.3886968578607918,-0.28467871041242954,0.8030221833430754,-0.9225747155667424,0.4385825250780995
453,0.08936929351858605,0.05198427269941982,-1.0072465970501936,-0.5685428001203122,-0.28467871041242954,-0.19231689479579228,0.5938191828711853,-0.6071670485288285
454,0.49925977217262946,-0.12027176030279811,1.8415265210464724,-0.018214216806179205,-0.28467871041242954,-0.9126101538046328,0.6716885868485246,0.6128741206792542
455,0.49925977217262946,1.2577765037149453,0.6545377218395283,-0.006524230559310785,-0.28467871041242954,0.17668021898756334,0.5793178015499452,-0.2585838573265192
456,0.49925977217262946,-2.1299254786620074,-1.4820421167329711,-0.10094335024555877,-0.28467871041242954,0.898335090962393,-0.54366847566135,-2.6986661957426845
457,-0.9763459509819269,-1.3260639913183236,0.9868945856174727,1.2029397311359646,-0.28467871041242954,-1.4572553402007309,-0.2810923867014058,-0.4328754529276738
458,0.4172816764418208,0.3964963387038557,0.03730354625191735,0.06091799778800939,-0.28467871041242954,-0.36796496740853474,0.11936253102951128,0.7184958744099239
459,0.007391197787777364,-0.52220250397464,0.2272217541250284,1.4187548618473884,-0.28467871041242954,0.3809221638861001,-0.042184970618187656,0.881796108126321
460,0.2533254849802034,0.05198427269941982,1.5566492092368058,-0.13691253869746337,-0.28467871041242954,-0.6811359495862908,0.7693005727441258,-0.9146111423910455
461,1.9338764474617813,1.0855204707127273,0.6545377218395283,0.690378795696331,-0.28467871041242954,1.1434254248406366,0.5938191828711853,0.9614573118815635
462,0.8681612029612685,0.7984270823756975,0.9868945856174727,0.3576638025162179,3.5127319445533716,0.36730603422619845,-0.36468039210161035,-0.2585838573265192
463,-0.5664554723278834,0.05198427269941982,0.2272217541250284,-0.6584657712500724,-0.28467871041242954,-1.6206488961195606,0.06571249892926224,0.22859517326073236
464,1.1140954901536946,1.2577765037149453,1.319251449395417,0.7317433624160201,-0.28467871041242954,0.2896940951647535,1.0516176634670744,0.7184958744099239
465,-1.591181668962992,-2.474437544666443,-2.2417149482254155,-1.287926569158394,-0.28467871041242954,-0.0071375314211190016,-0.7380457555545482,-0.2585838573265192
466,-1.3042583339051617,-0.34994647097242204,0.9868945856174727,-1.647618453677435,-0.28467871041242954,-1.3210940436017065,0.7228077305497786,0.7871657162804088
467,1.3600297773461207,1.946800635723817,1.6516083131733614,1.6345699925588133,-0.28467871041242954,-0.4809788435857249,1.0482475741408908,0.7593209328390232
468,-1.1812911903089485,-1.8428320903249773,-0.6748897332722491,-1.0352430202837677,-0.28467871041242954,-1.3878130789352288,0.7209201213125657,-0.2585838573265192
469,-2.1240392912132484,-0.9815519253138878,-1.339603460828138,-0.11892794447151107,-0.28467871041242954,-0.9126101538046328,-3.2514667194758315,-0.2585838573265192
470,-0.32052118513545735,0.16682162803423176,-0.7223692852405269,-0.8023425250576883,-0.28467871041242954,-0.1514685058160853,0.510705318942076,-0.34295564474665774
471,1.1550845380190988,2.233894024060847,2.2213629367926946,1.976277282851902,-0.28467871041242954,0.040518922388538804,0.7693005727441258,-0.09800529417206197
472,-0.8943678552511182,0.05198427269941982,0.03730354625191735,-0.9435215897314125,-0.28467871041242954,-1.2421204915742725,-0.4999629424467948,-0.7513109086746483
473,1.8109093038655684,0.9706831153779154,-0.24757376555774924,-0.06497416179365545,-0.28467871041242954,-0.5585907826471699,-0.2843091826156739,-0.6071670485288285
474,-0.8123897595203095,-1.6705760573227595,-1.8618785324791933,-1.242965083593514,-0.28467871041242954,-1.1713166173427791,-0.6003707270446152,-1.6902872525439319
475,-0.4024992808662661,-0.52220250397464,-0.4374919734308603,-0.9462192788653054,-0.28467871041242954,-0.7764488572056083,-0.7829893500002993,0.2642909294769449
476,0.007391197787777364,0.7984270823756975,-1.5770012206695267,-1.9353719612926679,-0.28467871041242954,0.07728247247027488,0.7209201213125657,-1.6529166221357563
477,0.4172816764418208,-0.1776904379702041,-0.15261466162119372,-1.0721114384469697,3.5127319445533716,0.16442570229365067,0.7228077305497786,0.0652949395443352
478,0.4172816764418208,0.7410084047082915,-0.4374919734308603,-0.9821884673172094,-0.28467871041242954,-0.23588850970748113,0.40229010692609724,1.2083965755591153
479,0.3353035807110121,-1.2686453136509177,-1.0072465970501936,-0.6314888799111447,-0.28467871041242954,-0.08474947048256398,-0.030867974626847223,-0.4328754529276738
480,0.6632159636342468,0.5113336940386676,0.41713996199813946,-0.7483887423798327,-0.28467871041242954,1.129809295180735,-0.3264062768739846,-0.08429226172536451
481,-1.591181668962992,-1.0389706029812937,-0.24757376555774924,0.1058794833528895,-0.28467871041242954,1.5110609256580032,0.24739132715327916,0.08999933387579016
482,-0.9353569031165225,1.2003578260475394,1.319251449395417,-1.287926569158394,-0.28467871041242954,-0.12015140759831106,0.7209201213125657,1.1357489074827183
483,0.08936929351858605,-0.5796211816420459,0.41713996199813946,0.5644866361146661,-0.28467871041242954,-0.8962707982127492,-3.2514667194758315,0.08999933387579016
484,0.2533254849802034,0.16682162803423176,-0.24757376555774924,-0.42466604631269633,-0.28467871041242954,0.040518922388538804,0.19869036240979518,-0.7513109086746483
485,-0.7304116637895008,-0.407365148639828,0.13226265018847289,-0.9642038730912571,-0.28467871041242954,-1.8657392299978044,0.8686717898209961,-0.2613055278884591
486,1.7289312081347596,2.004219313391223,0.6070581698712505,0.27673312849943443,3.5127319445533716,-0.23180367080951023,0.8686717898209961,0.5551956406935268
487,0.9091502508266729,1.3151951813823513,0.4076440516044839,1.7694544492534536,-0.28467871041242954,0.31284151558658785,0.40229010692609724,0.7184958744099239
488,0.17134738924939474,0.8558457600431035,-0.24757376555774924,0.7542241051984602,-0.28467871041242954,0.7703434721593102,0.0388360700610988,-0.2613055278884591
489,-0.11557594580843567,-1.1538079583161056,-0.10513510965291595,-0.9282346846393531,-0.28467871041242954,0.2311447376271739,-0.3264062768739846,0.2642909294769449
490,0.9091502508266729,0.9706831153779154,0.512099065934695,-0.2987738867310315,-0.28467871041242954,0.7213254053836614,1.026036029363299,0.22859517326073236
491,-0.525466424462479,0.3390776610364497,-0.5799306293356936,0.4925482592108582,-0.28467871041242954,0.46942700667546683,-3.2514667194758315,0.08999933387579016
492,1.1550845380190988,0.2816589833690437,0.6070581698712505,0.7443325783741866,-0.28467871041242954,0.7213254053836614,0.445523419370587,0.2694202316898316
493,0.17134738924939474,0.45391501637126164,-1.0072465970501936,-1.7375414248071952,-0.28467871041242954,2.219099667972931,1.0443842206616538,-0.6071670485288285
494,-0.8943678552511182,0.5113336940386676,0.6545377218395283,0.1508409689177696,-0.28467871041242954,-0.19776334665975412,0.7209201213125657,-0.2585838573265192
495,0.7451940593650556,1.2003578260475394,2.078924280887861,1.8593774203832139,-0.28467871041242954,1.5382931849778085,0.8058162826356019,-0.2585838573265192
496,-0.8123897595203095,-0.52220250397464,-1.3870830127964155,-0.5064959500407779,-0.28467871041242954,-0.8227436980492772,-0.6494714710580238,0.5551956406935268
497,-1.222280238174353,0.2816589833690437,-1.4820421167329711,0.24076394004752985,3.5127319445533716,1.5382931849778085,0.9362630991303704,0.2642909294769449
498,1.3190407294807163,1.0855204707127273,0.7969763777443616,1.139993651345132,-0.28467871041242954,0.7213254053836614,0.8486603154904683,0.22859517326073236
499,0.08936929351858605,0.22424030570163775,-0.3425328694943048,1.8773620146091663,-0.28467871041242954,0.9065047687583346,0.4702230407842658,-0.08429226172536451
500,2.1798107346542075,1.2577765037149453,1.8415265210464724,0.9601477090856116,-0.28467871041242954,-0.22363399301356846,0.9761254374245051,0.2642909294769449
501,1.2370626337499075,0.2816589833690437,-0.24757376555774924,1.3917779705084605,-0.28467871041242954,1.211506073140149,0.9282473452099451,0.2642909294769449
502,-0.2385430894046487,0.10940295036682579,0.3221808580615839,-0.478619828990552,-0.28467871041242954,-0.8853778944848275,0.19869036240979518,-0.7814586441299831
503,-0.11557594580843567,1.2577765037149453,-0.010176005716360419,0.9061939264077561,-0.28467871041242954,-0.07113334082266037,-0.7829893500002993,0.6128741206792542
504,-1.3042583339051617,-0.407365148639828,2.411281144665806,0.24076394004752985,-0.28467871041242954,-2.274223119794878,-0.5659266569367923,-3.4050443862031
505,0.2533254849802034,0.05198427269941982,0.5026031555410394,0.3846406938551457,-0.28467871041242954,-0.06841011489068043,-0.6003707270446152,0.881796108126321
506,0.17134738924939474,0.22424030570163775,0.41713996199813946,0.3486715054032424,-0.28467871041242954,2.627583557770005,-0.1054330087908692,-3.3958325781473033
507,-1.3042583339051617,-0.34994647097242204,1.509169657268528,1.2299166224748923,-0.28467871041242954,0.4517260381175923,-0.6480018615031609,1.1357489074827183
508,1.4829969209423337,1.3151951813823513,1.3667310013636949,0.7263479841482355,3.5127319445533716,0.4490028121856124,-3.2514667194758315,0.0652949395443352
509,0.17134738924939474,0.6261710493734796,0.08478309822019511,1.6255776954458379,-0.28467871041242954,-0.6879440144162416,-3.2514667194758315,0.08999933387579016
510,0.7451940593650556,0.6146873138399984,0.512099065934695,0.114871780465865,3.5127319445533716,1.4157480180386857,0.40229010692609724,-0.5880106749582511
511,0.6222269157688425,1.3726138590497572,2.173883384824417,1.4007702676214373,-0.28467871041242954,1.4388954384605201,0.9362630991303704,1.1357489074827183
512,-0.6074445201932878,-0.06285308263539213,1.5566492092368058,0.6004558245665708,3.5127319445533716,-0.23180367080951023,-0.3264062768739846,1.3100405030838729
513,0.2533254849802034,0.3390776610364497,-1.0072465970501936,1.1759628397970368,-0.28467871041242954,-0.32575496546283683,0.24739132715327916,-0.9557502397311378
514,2.3027778782504207,1.946800635723817,-0.3425328694943048,-1.0541268442210172,-0.28467871041242954,-1.2108033933564963,-0.04563709241276728,0.9614573118815635
515,-0.6484335680586921,-1.0963892806486997,-1.5770012206695267,-1.1080806268988737,-0.28467871041242954,-0.23180367080951023,0.49137942689506264,-0.09800529417206197
516,-0.15656499367384,-0.52220250397464,0.5026031555410394,1.139993651345132,-0.28467871041242954,0.5851641087846369,-0.2810923867014058,0.881796108126321
517,0.49925977217262946,0.05198427269941982,-0.6748897332722491,1.2568935138138202,-0.28467871041242954,-0.21818754114960856,-0.152985670596572,0.08999933387579016
518,1.1550845380190988,1.7745446027215992,2.7911175604120277,-0.029004973341750843,-0.28467871041242954,1.4974447959981017,1.042526365415466,-0.2585838573265192
519,-1.5501926210975876,-0.8667145699790758,-1.7669194285426377,0.06091799778800939,-0.28467871041242954,-0.38158109706843646,-0.9344536478559335,0.3918954069771296
520,0.17134738924939474,0.7410084047082915,-0.3425328694943048,-1.3634618649073929,-0.28467871041242954,-0.474170778755774,0.42301421063446587,0.22859517326073236
521,0.8681612029612685,1.2003578260475394,1.4142105533319727,-0.4426506405386474,-0.28467871041242954,0.059581503912402314,-0.493038544559779,0.7871657162804088
522,-0.8123897595203095,-1.6705760573227595,-1.5770012206695267,0.33068691117729004,-0.28467871041242954,0.17668021898756334,0.6830087316794873,0.3918954069771296
523,0.007391197787777364,0.5113336940386676,1.0818536895540283,-0.5685428001203122,-0.28467871041242954,-1.5934166367997555,-0.8267353804562908,0.0652949395443352
524,0.08936929351858605,0.45391501637126164,0.7494968257760839,-1.2699419749324417,-0.28467871041242954,0.5851641087846369,-0.04563709241276728,0.7871657162804088
525,0.5812378679034381,-0.52220250397464,-0.4374919734308603,1.310847296491677,-0.28467871041242954,-0.8036811165254136,-0.2843091826156739,-0.2613055278884591
526,0.3353035807110121,-1.2112266359835115,0.6070581698712505,-1.3778495402881543,-0.28467871041242954,-0.6865824014502526,-0.6003707270446152,-0.2613055278884591
527,-0.03359785007762698,-1.6131573796553536,-0.010176005716360419,-1.287926569158394,-0.28467871041242954,0.10859957068805107,-0.3264062768739846,1.6586236942861823
528,-0.8943678552511182,0.6261710493734796,0.7494968257760839,1.8503851232702384,-0.28467871041242954,0.4490028121856124,-0.7829893500002993,-0.4328754529276738
529,0.5812378679034381,0.05198427269941982,-0.010176005716360419,1.0500706802153719,-0.28467871041242954,0.5306995901450263,0.24739132715327916,-0.08429226172536451
530,1.8109093038655684,0.9706831153779154,1.4142105533319727,1.5626316156550055,-0.28467871041242954,1.0957689710309788,0.40229010692609724,0.7871657162804088
531,0.4582707243072251,0.45391501637126164,1.2242923454588615,1.3872818219519727,-0.28467871041242954,0.857486701982686,0.21049890086467687,0.4385825250780995
532,0.9911283465574816,0.3964963387038557,2.0314447289195834,0.7803017668260912,3.5127319445533716,1.3748996290589788,1.0512962108938577,0.881796108126321
533,-1.3862364296359702,-1.9002507679923835,-0.6274101813039714,0.9601477090856116,-0.28467871041242954,0.17668021898756334,-3.2514667194758315,0.3918954069771296
534,-0.8123897595203095,-0.6370398593094518,-0.7698488372088047,-0.014617297960989512,-0.28467871041242954,0.190296348647465,0.510705318942076,0.2642909294769449
535,0.24512767540712255,-0.1776904379702041,1.3667310013636949,0.7803017668260912,3.5127319445533716,-0.09564237421048571,-3.2514667194758315,0.3918954069771296
536,0.08117148394550518,0.49984995850518643,0.7020172738078061,-0.2987738867310315,-0.28467871041242954,-0.5041262640075593,0.7693005727441258,0.22859517326073236
537,0.4172816764418208,-0.29252779330501605,-1.7669194285426377,1.5896085069939332,-0.28467871041242954,1.129809295180735,0.40229010692609724,-0.9146111423910455
538,-1.222280238174353,-0.52220250397464,-1.8618785324791933,-1.0181576557691134,-0.28467871041242954,-0.8213820850832861,0.11936253102951128,-0.9146111423910455
539,-0.11557594580843567,0.05198427269941982,0.3221808580615839,-1.4677725114179145,-0.28467871041242954,0.3400737749063931,-0.493038544559779,0.4385825250780995
540,0.007391197787777364,-1.5557387019879476,-1.4820421167329711,-0.6764503654760248,-0.28467871041242954,-0.2345268967414902,0.9109356587761167,-1.404511843540237
541,-0.8943678552511182,-0.34994647097242204,0.08478309822019511,-0.6584657712500724,-0.28467871041242954,0.4898512011653193,-3.2514667194758315,1.4843320986850275
542,1.0731064422882903,1.3151951813823513,-0.24757376555774924,1.499685535864173,-0.28467871041242954,0.1154076355180019,0.6830087316794873,-0.09800529417206197
543,0.007391197787777364,0.16682162803423176,0.03730354625191735,0.8342555495039469,-0.28467871041242954,0.17668021898756334,0.2761470150252598,0.881796108126321
544,1.5649750166731424,0.10940295036682579,1.746567417109917,0.07890259201396169,3.5127319445533716,-0.5449746529872662,-0.8267353804562908,0.7871657162804088
545,-0.8123897595203095,-1.8428320903249773,-0.6748897332722491,-0.6584657712500724,-0.28467871041242954,-0.9126101538046328,0.510705318942076,-1.1300418353322925
546,-0.8943678552511182,-0.8667145699790758,-0.912287493113638,-1.8274643959369554,3.5127319445533716,-0.79006498686551,-3.2514667194758315,-0.4247104412418539
547,-0.2385430894046487,-0.06285308263539213,-1.2921239088598602,0.6094481216795463,-0.28467871041242954,0.10042989289210928,0.6159793490289796,-0.2613055278884591
548,1.892887399596377,1.3151951813823513,0.6070581698712505,1.9942618770778542,-0.28467871041242954,-0.03300817777493529,0.6830087316794873,-1.2003865513947405
549,0.9911283465574816,-0.0054344049679861586,-0.15261466162119372,0.20479475159562524,-0.28467871041242954,-0.05479398523077875,0.7693005727441258,0.7290685177466906
550,-0.07458689794303132,0.05198427269941982,-0.35202877988796033,0.2551516154282912,3.5127319445533716,0.040518922388538804,0.0388360700610988,0.3918954069771296
551,-0.48447737659707474,-0.8667145699790758,-2.0517967403523043,0.6229365673490108,-0.28467871041242954,0.4490028121856124,0.11936253102951128,-0.9557502397311378
552,-1.5501926210975876,-1.4409013466531355,-2.2417149482254155,-0.41567374919971956,-0.28467871041242954,-0.359795289612593,-3.2514667194758315,-3.9187073649507678
553,-0.8943678552511182,-2.1299254786620074,-0.15261466162119372,0.519525150549786,-0.28467871041242954,-1.1168520987031696,-0.042184970618187656,0.881796108126321
554,0.6222269157688425,-0.8667145699790758,-1.0072465970501936,-0.4966044232165043,-0.28467871041242954,1.0072641282416122,0.8818246055819593,-2.3500830045403753
555,-0.6074445201932878,0.05198427269941982,0.7494968257760839,-0.9282346846393531,-0.28467871041242954,0.040518922388538804,-0.7829893500002993,1.1357489074827183
556,0.5812378679034381,-1.4409013466531355,-0.15261466162119372,-0.3347430751829361,-0.28467871041242954,-0.37477303223848557,0.6716885868485246,-0.7513109086746483
557,-0.8123897595203095,-1.6705760573227595,-1.2921239088598602,-1.1215690725683374,-0.28467871041242954,0.5592934624308226,0.3511084756836713,-0.7513109086746483
558,0.17134738924939474,-0.407365148639828,0.3221808580615839,1.1103190708723114,-0.28467871041242954,0.7962141185131245,0.8686717898209961,1.3716968092755126
559,-1.1403021424435442,0.16682162803423176,-1.2921239088598602,1.1310013542321566,-0.28467871041242954,-0.09291914827850577,0.8112122261699296,0.5143705822644274
560,-1.960083099751631,-1.5557387019879476,-0.7223692852405269,-0.8383117135095929,-0.28467871041242954,-0.5476978789192462,-0.9344536478559335,-0.4247104412418539
561,-1.1812911903089485,0.22424030570163775,0.5595786179029728,0.8360540089265429,-0.28467871041242954,-1.2244195230163988,0.3050646772029058,0.4385825250780995
562,0.8271721550958642,0.05198427269941982,0.3221808580615839,-0.1728817271493667,-0.28467871041242954,1.4674893107463163,0.40229010692609724,-0.7513109086746483
563,-1.6321707168283963,-0.8667145699790758,-1.1971648049233046,-2.1871562804559965,-0.28467871041242954,-1.4572553402007309,-0.2810923867014058,0.7184958744099239
564,-1.3862364296359702,-0.407365148639828,-0.05765555768463818,1.2443042978556538,-0.28467871041242954,1.129809295180735,0.11936253102951128,1.3716968092755126
565,-0.9763459509819269,-1.5557387019879476,-1.2921239088598602,-1.3418803518362503,-0.28467871041242954,-1.5934166367997555,-0.7380457555545482,-1.7311123109730313
566,-0.11557594580843567,-1.0389706029812937,-1.4820421167329711,-0.19536246993180675,-0.28467871041242954,1.2659705917797595,0.3511084756836713,-0.5179799978067963
567,-0.8123897595203095,-1.4409013466531355,-0.24757376555774924,-0.7897533090995218,-0.28467871041242954,-1.9120340708414734,-0.35707187585951616,1.0450963418427182
568,-0.4926751861701556,-0.1776904379702041,-1.4820421167329711,0.30371001983836227,-0.28467871041242954,0.5851641087846369,-0.12298345140778191,-0.4247104412418539
569,-0.5664554723278834,-2.704112255336067,-1.016742507443849,-2.1871562804559965,-0.28467871041242954,-0.7764488572056083,-0.2843091826156739,-2.221013012122223
570,-0.11557594580843567,-0.0054344049679861586,-0.24757376555774924,-0.029004973341750843,-0.28467871041242954,0.7213254053836614,0.7153952410122576,0.08999933387579016
571,0.4172816764418208,-0.1776904379702041,-0.3425328694943048,-1.0181576557691134,-0.28467871041242954,-8.816773421378006,0.2761470150252598,0.5551956406935268
572,0.5812378679034381,-1.4409013466531355,0.08478309822019511,-0.3886968578607918,-0.28467871041242954,-2.0699811748963413,0.24739132715327916,1.6586236942861823
573,1.6879421602693554,0.9132644377105095,0.41713996199813946,0.024948809336104785,-0.28467871041242954,-0.11606656870034017,0.8486603154904683,-0.7814586441299831
574,-0.8123897595203095,0.7984270823756975,-0.3425328694943048,0.1508409689177696,-0.28467871041242954,0.31284151558658785,-0.3264062768739846,-0.2585838573265192
575,-0.2385430894046487,-1.2112266359835115,-1.2921239088598602,1.4250494698264722,-0.28467871041242954,-0.5381665881573154,0.8818246055819593,-0.09800529417206197
576,-0.11557594580843567,-1.2686453136509177,-1.1496852529550268,0.8702247379558514,-0.28467871041242954,0.4490028121856124,0.3050646772029058,0.2642909294769449
577,0.37629262857641643,-0.8667145699790758,-0.5799306293356936,1.1579782455710845,-0.28467871041242954,2.2054835383130293,-0.36468039210161035,1.1357489074827183
578,0.17134738924939474,-0.06285308263539213,-0.15261466162119372,1.5266624272031009,-0.28467871041242954,0.93373702807814,0.11936253102951128,0.7184958744099239
579,0.2533254849802034,-0.0054344049679861586,1.6516083131733614,-0.011020379115798541,-0.28467871041242954,-1.0760037097234627,0.6830087316794873,0.881796108126321
580,0.3353035807110121,0.3964963387038557,-0.3425328694943048,-0.2448201040531759,-0.28467871041242954,0.4544492640495742,0.3050646772029058,-0.7814586441299831
581,-1.1403021424435442,-0.9815519253138878,-0.7223692852405269,0.06091799778800939,-0.28467871041242954,-0.8554224092330424,-0.9476080115489603,1.0450963418427182
582,0.7451940593650556,0.5113336940386676,-0.5799306293356936,0.20479475159562524,-0.28467871041242954,-0.7601095016137248,0.49137942689506264,-0.9557502397311378
583,-1.591181668962992,-0.52220250397464,-0.6748897332722491,0.07890259201396169,-0.28467871041242954,-0.6130553012867785,-0.8533925749205359,0.4385825250780995
584,0.37629262857641643,0.3390776610364497,1.6516083131733614,-0.883273199074473,-0.28467871041242954,-1.1277450024310913,0.24739132715327916,0.7871657162804088
585,1.9338764474617813,1.4300325367171631,0.41713996199813946,1.7784467463664293,-0.28467871041242954,1.7806602929240722,-3.2514667194758315,0.08999933387579016
586,0.6632159636342468,-0.46478382630723397,0.9868945856174727,-0.15489713292341567,-0.28467871041242954,1.5382931849778085,-0.3264062768739846,0.08999933387579016
587,0.007391197787777364,0.16682162803423176,-0.24757376555774924,1.6255776954458379,-0.28467871041242954,2.0420899823941996,0.06571249892926224,0.22859517326073236
588,0.5812378679034381,2.291312701728253,1.4142105533319727,1.0860398686672765,3.5127319445533716,-0.6089704623888076,-0.8533925749205359,0.2642909294769449
589,-1.3042583339051617,-1.1538079583161056,-0.912287493113638,0.1508409689177696,-0.28467871041242954,0.17668021898756334,0.06571249892926224,-0.2585838573265192
590,0.8681612029612685,0.6261710493734796,0.5595786179029728,1.139993651345132,-0.28467871041242954,0.6287357236963238,-3.2514667194758315,-0.7814586441299831
591,0.49925977217262946,-1.7854134126575714,-1.6719603246060823,0.8702247379558514,-0.28467871041242954,0.040518922388538804,-0.9684223898601885,0.3918954069771296
592,0.8681612029612685,-0.1776904379702041,-0.6748897332722491,1.8593774203832139,-0.28467871041242954,1.6281596407331642,0.7693005727441258,-1.1300418353322925
593,1.9338764474617813,0.7984270823756975,1.4142105533319727,0.21019012986341107,3.5127319445533716,0.040518922388538804,-3.2514667194758315,0.2642909294769449
594,-0.2385430894046487,-0.29252779330501605,0.41713996199813946,-0.6890395814341912,-0.28467871041242954,-0.9098869278726529,-0.2843091826156739,-0.08429226172536451
595,0.6222269157688425,0.5113336940386676,0.08478309822019511,0.00696421511015376,-0.28467871041242954,0.5715479791247352,1.0058665841794212,0.2642909294769449
596,1.4829969209423337,-0.29252779330501605,2.8385971123803055,1.3198395936046525,-0.28467871041242954,-1.0378785466757356,-0.3264062768739846,1.6586236942861823
597,0.3271057711379312,-0.7518772146442638,-0.35202877988796033,0.9871246004245394,-0.28467871041242954,1.6608383519169314,0.4159756018379929,-1.404511843540237
598,0.2533254849802034,0.7984270823756975,-0.010176005716360419,1.1040244628932274,-0.28467871041242954,1.8923125561352716,0.8112122261699296,0.2642909294769449
